1343
1421
1082
4263
4453
4759
7777
4469
2104
6161
809
5846
8865
3137
7657
6960
9924
7985
2108
8839
6584
5702
7726
8285
3924
7430
3815
5107
7003
9822
5830
5023
8760
1857
2159
4431
4440
7133
5380
9447
5651
1792
6217
2496
376
3033
9433
7479
6827
9196
2094
7707
4044
6523
7248
8387
5566
2599
7028
4692
4852
3893
9810
1016
7782
8926
1186
6378
2173
2558
2130
6642
3291
9857
135
3522
8022
1199
7211
6417
1414
146
2688
7377
322
1552
5511
2030
6126
2977
14
2666
8042
7480
8637
4319
5975
6915
3143
9254