5436
3311
1799
6687
2915
5560
9576
7599
3703
1843
6512
490
1669
9605
65
4868
226
318
2179
1109
8752
4764
5089
7143
9571
9358
1500
3815
9649
8369
6352
4555
1365
8666
563
6770
9721
9078
3907
3474
5261
2346
6160
685
1684
7194
2224
7953
1090
1380
8838
4467
2941
1507
3327
4868
8665
6122
9834
9305
4668
4450
2829
1143
36
7993
6249
9683
7810
2391
6836
6981
4595
2216
9017
7980
386
3899
737
5608
8964
6162
3388
4476
3843
9364
8503
2061
4367
8517
3986
9575
4855
470
754
2084
9377
1382
4175
9624
4949
4799
8030
5046
1907
2757
7419
6234
5772
9156
1893
6895
8697
6069
784
4540
4225
6012
1348
9064
8048
2777
8893
6107
6263
4926
6084
1125
9013
8456
8914
9892
5578
4423
9591
254
5324
7608
7833
2553
9003
8549
5115
3744
8345
9650
2597
510
6270
6405
9510
8398
7158
7259
4065
4797
2492
5098
7788
2746
4670
7728
7116
5053
614
3956
2796
1775
8945
2641
1419
888
9239
6862
8192
5940
2725
4195
6353
5603
3262
5645
3267
9086
586
2229
931
4180
3492
2459
5610
1376
8571
9115
8457
9440
5762
8385
4915
5483
2030
5668
6693
5886
1341
3574
9806
5989
9061
7933
3492
2009
837
9127
5389
3
9963
9173
3364
4741
2175
3429
1619
9543
7991
2813
2263
3311
594
8927
327
8795
8973
7648
7683
2421
4389
1318
7756
8232
7734
624
720
4819
7090
431
6923
4282
3586
755
6752
2931
8525
7201
7759
7292
1291
4160
1243
7702
6077
2751
1078
3553
4407
2131
9480
9964
2554
7829
7255
5404
5563
8325
4451
9579
7905
3351
9186
9522
3662
6001
6457
1740
8584
4406
2602
9320
8819
8218
6398
6478
3744
7803
6675
4259
287
7001
5723
6903
4021
134
1722
4291
3099
4402
7509
667
7602
394
5386
175
1731
6350
3664
7599
3456
8945
2575
6235
3442
9834
9012
4322
9135
7340
3006
9116
5854
7691
6676
7787
1268
4398
1312
5963
9894
222
1519
9586
8603
2592
3426
270
7836
7550
4669
1809
9055
7770
3105
7863
4101
2366
7363
8357
3944
2578
8757
4018
3924
9562
4880
1431
2662
200
4907
8689
663
591
836
1540
5179
3978
9695
7739
9821
2088
2425
2693
980
191
5891
4435
8180
8726
8748
8529
4360
7939
2193
9242
5114
1113
5885
7368
6373
9890
3683
3583
4691
4747
1816
3881
478
602
1829
4144
1671
3454
3752
9421
429
8190
2806
6129
7300
8454
7779
5427
8190
4501
3761
3580
5581
410
7456
834
7570
9498
5022
4794
4014
5023
944
7975
1409
5730
5689
6157
4381
2542
404
2824
1645
5999
7344
8765
8631
616
6282
8689
5412
4235
366
1803
1117
2171
2011
8876
8222
12
9127
1851
3999
7243
7937
17
2479
4117
7614
5762
4673
283
9983
9925
1019
1002
5903
5967
1064
5902
4891
9015
9451
496
6309
9510
1108
4887
5939
2599
23
6067
8215
2158
8721
6271
7118
4446
7358
9817
6810
8986
6806
3730
7664
7786
9484
6469
7630
8880
3860
5775
2356
8721
7933
2245
2818
8720
4114
7085
6341
8640
2030
5903
3687
6108
2294
330
1127
5366
1110
2555
40
2464
8686
4365
8776
2660
2732
187
9492
86
3389
7892
998
5730
3860
8702
6357
7209
3427
5076
92
7805
5263
7670
8074
8995
949
5492
6294
4938
2944
7265
3342
4278
7292
7480
785
7393
3554
4288
2349
781
253
5710
1146
3957
5920
5065
1110
8991
3437
6788
8611
3297
3822
2717
3727
2852
1525
9979
5270
6859
8016
9420
9643
3673
5288
9539
5159
9321
3715
8448
6420
7345
5493
7249
2320
7868
8464
4633
90
400
1620
4495
5454
4701
1731
7922
7134
4663
6293
3034
4131
8786
9665
5438
2555
1127
9707
5225
632
4811
7759
560
9633
8961
2429
356
1927
1235
1498
3390
4021
4993
656
5111
3911
3140
2094
7017
8512
8463
420
3140
201
6863
9597
3451
5892
3883
3759
423
8742
1426
6042
5065
1261
9494
6224
5885
3794
2085
8832
5507
5275
3298
6782
4630
9244
2210
9989
3963
7990
2754
1407
2955
8032
5006
3585
5624
2883
5079
1048
379
9992
837
640
4031
3817
1351
9111
3976
8279
1751
2535
8299
3825
2172
1480
9843
7031
8116
954
5474
7871
7509
7575
56
5760
8077
8220
2004
6552
9455
3471
2496
1164
6444
5103
7806
2067
4122
3047
4987
8630
3679
7185
6760
9319
7911
6891
4290
9934
7675
4484
8213
9328
9220
5085
5808
577
9317
221
9930
4105
5697
6026
9776
936
5950
1452
6538
140
6020
854
6406
4616
625
3277
6419
843
9843
3198
2788
6159
1089
8383
5968
7160
8890
5238
5204
3490
3211
7710
725
1975
8348
9903
5163
7819
7009
6827
7359
5964
3806
1526
1194
6601
6481
3257
6084
9629
7767
8589
2869
7323
6057
3609
4803
3759
3837
5621
3806
7952
1931
1564
4193
9401
1744
1684
3991
1728
391
7481
4411
7649
7137
411
8383
2291
1602
7027
687
8968
1961
971
4026
4372
14
5102
8340
315
6746
6804
5376
2297
8880
8780
8303
4662
3052
5717
7214
1992
3308
9116
8468
5133
9685
7914
9812
7572
4724
5005
4501
6239
408
9827
3781
1837
9255
1413
3890
4343
2807
5471
566
1850
8191
2302
5885
9880
6713
7785
5854
2887
4183
4269
3956
9060
1322
1114
1301
5922
7298
5800
5908
271
3922
7245
2165
342
6220
5856
5127
8540
7840
3061
1188
4460
5809
1612
5255
6997
9671
7798
8818
4549
5916
6787
2152
4197
3341
3260
585
4487
4573
1752
7226
348
7780
8029
2293
3394
6094
2295
2137
8487
136
1821
2631
9898
7664
6741
8282
6106
4466
9493
5353
4392
5707
9918
4335
3192
5721
1040
9985
6399
5983
5082
4065
6615
6185
1985
5335
8377
616
8534
1313
2493
5293
5207
7200
1687
9877
9560
5770
2913
5488
835
1374
2912
8823
3826
1211
8055
3081
5556
49
1854
2443
118
8698
7021
9997
9613
7581
7415
9869
5158
2878
480
6643
3562
5149
4612
4281
7309
9472
5947
7735
7633
8657
433
2853
7891
6317
915
9965
6413
9979
4181
5740
6536
1898
4446
5081
7365
3503
1397
4186
1553
1965
4700
1927
7340
3134
5241
3248
4971
5417
5069
209
5918
5318
2746
5681
6592
6993
8836
3470
1802
6613
6
8073
3394
8620
924
7132
5129
4075
2878
1068
7003
1661
4160
6237
5212
8070
7758
5522
9051
3176
9408
1589
3447
8391
7745
2949
1840
1830
3099
7451
2443
5871
5492
5678
7450
6984
1673
2358
583
9115
6961
4841
8268
682
5389
2578
2082
7404
2907
2939
7114
8799
2701
6853
5971
2326
746
5151
1467
7737
6493
4521
6873
8829
7509
3704
5550
5420
6010
4132
3698
7227
3173
512
3798
6385
8289
8395
9444
6927
3907
1336
8807
5996
362
1029
8543
4268
6295
7110
479
2574
1577
6631
8703
70
2033
9279
9596
1288
1236
5935
1601
6051
3303
2571
751
929
5904
4042
6698
6011
914
10
5329
4270
1493
9772
8777
5483
8996
3459
8025
2050
1531
6108
954
1065
3430
302
7127
7208
430
6865
5763
1754
551
5173
5495
5294
9490
2701
7285
567
3072
9270
5595
79
7714
2998
6030
4089
4308
8280
9180
9940
8592
4499
5883
2315
1040
886
4743
6867
6565
9300
5232
5028
5686
858
9381
9766
8073
1560
5836
8197
4527
6408
4659
5172
6108
1287
8767
6557
3850
2452
2081
3011
3111
9711
799
5432
1243
3451
7535
6829
9082
3111
3739
542
1093
920
7571
9330
5041
6883
2336
8378
6083
4675
6022
1060
8874
7510
5327
332
4184
7261
1031
2432
4994
9899
5184
7664
6892
420
9213
4383
5764
1755
2055
3864
2912
9497
3907
4215
6386
9931
1387
3766
1730
9013
8088
5076
8203
7147
6081
8649
9567
5541
8299
2918
9759
9938
1069
7389
179
8421
4128
8856
5763
9865
5049
1813
6860
5643
3282
8660
8295
5738
4604
6975
8713
6201
2833
3922
9118
6476
2386
4248
2060
9013
3992
8322
4143
8828
4763
8863
7156
1476
2566
5033
7735
3976
5335
4840
1586
514
9083
6542
2860
3780
9789
8858
3365
6462
9634
2090
9611
9463
3902
4244
2440
785
7377
4495
3161
1832
3023
8664
6211
1830
4147
3597
9319
5912
2707
1357
8019
4007
7061
1398
1008
5778
6194
4763
6804
4389
3795
390
8907
3848
511
8027
7170
6940
4443
3320
8303
1048
9829
1652
3391
8737
3285
4784
8349
6876
5382
6800
2858
7153
2977
6532
1650
7107
2536
4879
6040
8125
6471
1182
6693
6961
3953
6933
8135
2692
9740
2259
3896
6469
6814
3311
6059
8687
4938
2307
8737
8040
4136
5206
7858
6590
1613
1697
3050
1165
2612
9644
2389
5548
5559
3197
7148
9269
8567
4223
8644
5185
3479
3715
1575
7670
481
748
390
7608
1290
5666
3643
7274
977
8803
4910
8339
6332
9894
6117
8227
2810
8347
5587
3415
3922
7529
7028
5794
4043
623
4221
2455
7269
5913
3922
590
863
9111
2729
5303
3514
5288
1466
6522
6833
1500
5777
2355
4135
3089
3460
9867
1198
7040
3595
3927
5577
2559
5340
7068
8677
650
2969
929
6930
957
8626
3664
4133
2320
5055
9300
4705
2926
2253
3204
766
268
6816
9986
4920
3538
8543
4739
9554
2958
3444
974
2766
9589
4350
1747
9002
6245
6428
4638
4758
4354
608
3087
6879
3752
9232
7703
6746
4764
4159
7217
3580
4698
1906
6513
6346
6053
3983
680
7263
4839
3868
5696
4381
713
1229
7970
8197
2812
2730
9989
2647
6371
8860
3976
4620
1141
1532
5899
1231
8235
9152
2563
2164
569
5266
3492
2060
1475
8881
2376
2112
4282
7252
5662
8961
8431
940
2625
6955
9341
5007
8316
8630
9005
1784
3197
9131
6250
6232
7546
5368
6558
6367
6883
114
2611
6282
143
6973
5247
516
680
8695
8873
8998
5363
6861
5966
4850
7557
1088
4148
2371
7366
9500
2119
6940
7073
8166
5993
4163
4661
4948
8769
7178
6996
9515
2528
5666
3212
2665
3749
4117
5576
2448
7894
1512
437
997
4521
3664
4720
448
5767
5957
4570
8416
5573
2115
4235
9811
1672
2398
9655
5560
7742
6870
5579
4757
4606
475
1355
713
7626
4023
1883
5790
2204
2454
3640
746
2452
7807
5389
4099
5899
4339
85
7675
9256
5578
9749
483
6002
9564
5906
4763
1685
4060
3735
3100
6389
3174
565
662
2952
8843
3006
5534
3680
9946
5597
249
9110
1713
4534
5162
6832
2638
795
3672
3704
8561
7241
7980
378
779
5306
3332
688
5406
5239
1337
4901
2615
4493
8115
8846
5824
655
2030
6828
6598
6153
6930
2821
1531
5464
1352
6786
3500
4554
5619
5577
6226
9468
7597
4861
4863
8305
5731
2350
9228
4822
7291
5058
3701
3990
4039
2590
603
6429
1137
1406
5873
4494
7085
4423
8985
9988
5363
8944
2139
5632
8628
7639
8618
5485
240
7666
1655
8445
5761
3688
6470
8757
2317
2414
1173
6007
4686
2982
1983
7649
322
4840
4305
7907
9584
2093
239
6693
4706
8152
9826
6106
3248
8685
6743
4259
7947
4658
7261
3040
3374
3547
530
5348
2956
2437
2010
6632
5741
3922
8618
7721
8454
3727
4182
8806
2603
6875
3535
4402
3675
7900
1891
8048
9723
5076
5616
6298
4734
6930
1810
528
6743
3584
1024
147
8265
9830
592
6413
5541
5084
1023
3308
1797
526
3027
3566
5519
7313
6617
6512
3465
5705
5767
2179
6631
4215
1860
1054
5861
1712
876
2084
9055
734
6364
7305
9425
7802
2674
3203
7774
9958
3146
9053
7241
8767
5066
7917
2399
2174
8100
9241
5627
1151
7481
8803
2185
7507
315
4595
36
1844
8520
1087
6480
9933
8965
2636
4633
6798
1017
9465
8423
5657
7868
6447
8603
5210
3840
1519
9558
8825
1044
7543
1555
3135
1432
1887
5793
1572
1243
4702
8731
6997
4435
8011
1917
1822
4459
9703
5757
2729
6323
4271
3412
6368
5309
2082
1641
3026
4627
5530
3351
8046
9102
8811
4822
8430
38
4832
8477
9482
8198
6020
4458
9770
2400
7362
5780
6968
1566
6897
8090
8728
20
2303
1479
9677
4268
6053
3651
4119
493
3050
1580
2163
985
5615
4836
7682
7236
5849
2235
8909
6481
2212
4390
5515
4142
2931
7104
4531
7886
6471
7087
1018
5442
9227
576
6726
7208
9923
8665
8399
3415
4690
8543
3692
3605
734
1884
6884
9192
5786
4805
1670
4524
5195
355
9697
6597
8627
1080
8045
5925
7526
9804
5524
5128
2929
4447
7041
7402
4268
5227
8743
6222
6595
7421
5425
1218
5498
297
3899
2171
6636
5933
460
1925
4267
1981
3156
1703
3985
4846
736
9865
7092
9648
78
7994
4598
9002
9679
746
3430
7382
6965
4096
687
3905
6918
5757
9095
1547
2449
6249
9407
7877
2396
9603
2224
9979
6609
6453
6154
6756
4718
7254
3399
8068
4717
5302
364
8077
6342
2118
6364
3391
530
4230
4299
3052
2045
1370
1109
4313
2941
4842
6613
2403
1409
8499
7285
3234
6522
7197
6032
2208
8749
9317
7817
4572
1453
219
896
1405
3887
216
4169
5855
8335
3977
8290
8328
9683
7438
3427
6097
7480
9194
4644
5690
3836
8473
4152
6298
2074
4344
6914
2092
1136
5739
3128
5045
1203
9762
8832
1091
4311
402
6308
2243
8641
6109
8034
6522
8065
7047
1622
7007
8681
5578
4083
3945
2117
6902
5573
8479
3749
9022
1070
9779
2340
490
2853
8257
6822
2954
997
6110
68
2749
8472
7000
3779
497
8680
7915
6445
9652
7751
1923
4026
4647
4468
3308
4770
2031
951
3175
8485
425
1195
6081
1386
4741
37
5946
2919
9991
7651
1041
3921
1528
2106
2412
2025
8247
6779
5719
575
989
6798
4244
9760
7177
4782
6790
1004
174
5122
7453
71
9488
8793
6086
8662
1093
1977
7540
1785
164
4482
4534
364
8580
6543
1951
3695
4101
1925
9188
3484
2283
9664
2866
4006
8200
6399
7261
6988
8024
309
4150
8234
7365
2885
5105
639
9750
3524
8359
2277
1465
3174
5183
5955
9219
1021
4337
1515
6236
765
5061
1560
3366
417
3557
9129
403
1171
1846
6517
1684
1224
9964
9585
3592
6943
3121
9238
3033
340
4148
2034
7581
9941
9067
3003
1715
1982
9660
6266
11
7689
3348
9505
7527
832
9388
8016
934
7885
3566
5252
7262
4229
1423
9999
8681
1296
7744
3534
3541
3540
3644
9219
1722
6356
5927
5560
7171
9391
2711
9043
6922
5105
4995
4233
9364
3485
3788
2848
6957
5346
6565
2264
5446
9942
1384
5276
1121
805
987
7522
5906
7362
3532
6962
7088
7692
3208
837
8796
517
7941
426
3518
7699
5832
768
7297
5432
2838
1051
9224
7944
5047
3931
3443
8357
3832
8216
1961
9200
1295
6829
7104
80
8564
3142
6529
8667
2266
220
6223
7188
3698
8803
115
9712
6406
2809
9101
489
3444
8944
3877
2286
2999
8409
8851
2533
8921
7504
3222
563
6393
3058
8708
3093
3447
8085
3129
9434
2150
914
5121
8943
8568
875
8488
5023
5665
4473
2682
8372
4689
6675
1464
1905
4612
820
4278
6510
9731
3076
2055
7447
3328
6477
858
2955
3336
157
9983
1625
770
1785
3754
526
210
7966
4131
8843
749
8752
6240
8828
9511
9841
5802
6724
3626
6377
3305
3325
8189
9721
754
7551
3202
3910
765
5474
3518
6174
6297
6101
7366
5686
8043
7662
7270
1012
5479
1660
8309
9612
4685
2964
1126
9219
1364
1132
3290
1865
3571
5609
2055
8679
5516
2374
1674
8600
7176
1323
6432
9170
8247
4500
7184
2428
655
2298
2235
4902
4932
7361
8190
1077
5651
6876
7860
8681
5840
8705
7400
3049
37
1525
9019
871
2540
798
6305
6384
7694
2772
8247
6589
6528
4348
7184
5598
7083
510
3043
4632
9636
9469
6809
4726
7894
3735
1038
2466
4791
8676
5767
5829
4699
5537
2905
9703
7199
5851
8547
5022
2357
9862
4452
8024
9919
7982
6328
1918
1036
6614
3608
959
5006
9476
6335
7797
286
9192
4660
6966
4653
5769
5770
7214
5448
7926
6545
1797
4388
9944
3093
5504
4816
6315
7648
8526
3048
2082
7881
8921
4954
8227
1658
9850
2807
6523
9174
4986
6306
7675
9494
787
4602
2836
3279
8928
8402
1306
1687
7143
3285
3021
7463
3940
1268
5212
4728
8806
9562
859
7674
27
3500
9003
1211
3822
5184
3228
9147
3007
9685
1876
9957
1545
5874
7871
4087
2906
702
7041
8576
6048
2882
8734
6056
512
6196
5171
6183
9187
4565
5188
9476
6886
9563
4574
6619
8693
3665
1633
1631
9448
8508
1818
7463
4357
3423
9541
5913
9401
9907
9070
8045
8190
4125
8477
3060
9495
9876
7930
223
6407
7459
4652
9753
714
5969
8104
8928
112
2268
8086
5524
8583
9400
6959
5389
8869
8283
1037
286
2286
7174
8821
9079
8354
8035
758
9131
8117
3062
9516
3706
1774
5574
5472
8778
6682
9860
9800
7757
7305
7329
4431
9909
6818
2964
1613
600
6238
4631
2740
6899
1695
2594
6740
9647
2678
479
7040
6759
6486
3930
7640
946
9180
8468
432
7055
4240
1002
1306
4099
4918
3901
2270
3764
615
9973
6035
1194
1093
8081
392
9252
6546
9462
7332
8052
5939
5012
397
4163
6938
4339
4158
7043
3144
5029
8799
9669
2040
7153
3670
1984
5584
5562
3479
6679
3433
9148
7185
7556
5522
1995
7073
9906
166
9744
8237
881
2012
5624
6776
8769
4153
2505
475
7179
9853
5090
7427
47
535
2175
245
2200
479
998
6460
4867
3586
557
271
5512
8678
2191
937
9238
8082
9167
2138
9711
3523
670
4641
2616
2917
8605
5947
1183
1163
1277
4985
3449
4742
3336
5122
8163
8814
4011
1781
5967
7010
4158
7553
6625
2168
1384
7395
5619
5837
3923
8572
920
5007
2304
1832
9163
709
6280
7289
4841
2264
3668
2144
7265
2565
4900
2283
4627
6875
9017
4015
3173
1557
3857
3632
9265
1697
5322
1429
847
3502
9402
5000
9331
4654
3360
9881
4345
772
122
4416
4307
3565
3028
8935
744
938
5388
8912
1458
9151
7251
4127
7228
466
8781
1721
9819
4579
7531
5746
930
2837
8547
7307
2360
3706
6114
4695
852
7280
7125
3032
1290
4600
6937
5754
1870
6201
9343
5476
6485
1616
9285
1984
8689
377
6384
1446
4506
7892
4203
3136
1068
9114
9047
2487
213
1182
4201
205
6153
3192
5257
8545
2494
3423
4036
1687
3650
883
4053
8021
964
8802
5036
9960
4985
5899
7906
4579
6431
4145
5617
4656
4731
5085
5643
9307
145
776
816
5063
6791
7751
300
3922
633
2150
7184
5474
4455
5921
2879
6885
2996
5473
4289
4558
5708
6799
9704
8206
185
8110
3893
9007
3961
763
5357
1338
231
6562
9788
9869
4803
302
7664
3860
5942
3136
4569
6368
6321
7238
6496
854
4142
8547
9844
7053
3556
2432
7799
8249
984
4828
6574
8801
1280
6237
4514
9759
2558
2091
9529
757
6621
1355
6635
6673
931
2599
6200
7482
7300
8704
3623
3615
6774
765
1818
5652
9825
7032
1096
4635
8871
8506
6188
228
6494
1522
7374
6348
5207
3275
1931
6228
5003
6119
2729
5231
6951
1403
6043
4409
9195
7920
4180
1660
2118
7068
7167
4771
4747
9318
2337
5514
599
3572
8657
8704
4496
2886
852
5202
7125
5617
4672
5187
1103
5744
6024
3302
5103
1805
5067
197
1308
8980
8570
5258
770
9956
8019
8048
3041
2714
8434
7930
5206
1128
832
7543
1266
8174
605
3714
128
1307
6613
2902
674
9981
1386
7131
8893
8736
282
3458
4945
8673
5906
6000
2444
531
8310
1416
1228
4882
4115
6622
6343
6553
4439
4673
1475
2554
6264
2508
5604
8307
4136
4609
2948
9364
3392
5794
7665
4803
3300
1804
1013
4257
5212
2791
9512
4744
190
258
2172
4855
426
1269
8063
7606
5509
6475
6814
3917
8032
2311
9123
4953
9571
9027
5209
4438
8644
8126
9242
467
366
8708
9742
4058
2805
9841
1521
9430
2144
6445
9651
5514
6178
6386
425
8426
1900
2688
4609
1611
1611
7802
4968
2451
7800
1297
1581
2832
4689
6696
937
5406
8638
7187
8741
4383
2170
5337
3896
9023
1978
6720
6871
8257
7707
4939
7648
6950
85
1966
7147
3716
7891
7313
4299
213
5898
2812
6913
451
3513
8646
4153
6312
7225
6387
1500
4357
989
6375
581
6660
7950
9846
5804
3743
4959
6373
4582
1132
9536
862
5089
8673
3996
229
5972
3081
8809
178
9438
3432
5742
7947
2794
2983
8599
8931
1515
2420
1435
1678
4673
9807
8558
4316
9077
3161
3816
5888
2184
3315
9377
6765
7905
2992
55
827
5727
8223
2490
9812
1061
8591
9030
6131
4753
6256
6539
2043
809
3991
9538
525
5624
238
3127
5128
6177
3414
1579
3776
8009
6679
3166
7039
2726
32
9302
3892
3581
2384
7540
7092
4100
1026
5729
9123
9234
6226
865
8824
9661
3067
8446
9970
2364
6218
6053
9104
8937
7251
9527
7980
2692
2205
5840
4462
3843
6504
6519
8590
6458
6264
6963
8064
8587
5360
66
4127
1392
8440
6591
7849
4752
3859
3514
2235
6095
5071
4322
9162
4315
6683
7405
5062
6417
8750
5884
8295
4292
9711
4354
9314
5458
5684
6145
4912
3135
2131
5972
8599
1128
2374
1923
3936
3309
7671
806
5896
1915
5199
9983
9264
7706
7875
4727
7982
7941
5289
4200
1902
8583
19
9979
2864
5707
4874
1063
7389
6977
8697
1133
3637
145
4758
7871
4049
7645
9850
3198
7371
7149
9793
6487
9451
6801
7990
2657
777
206
5908
8891
9447
4738
1809
6970
3090
820
1420
1910
3968
5903
5522
2583
1446
3743
3849
9903
7760
8195
6266
4315
5759
9575
2142
2355
2713
399
8699
9440
334
6737
4519
5895
6184
8786
3883
6786
4957
5542
3247
2902
6320
8306
47
5262
4915
6295
2383
7816
2870
5175
8848
8019
7497
3473
3484
1964
7410
3110
7780
851
5011
2116
6691
3109
5580
6445
8516
5663
3287
1119
152
9203
8499
4447
6763
3081
2930
2732
1685
7682
6648
6171
2881
7053
4478
4619
8516
8513
8344
9607
865
9849
8351
2417
6250
7735
6495
1419
2471
4690
1550
3715
5508
7961
9320
8970
8958
932
4995
7316
5230
6976
6680
3476
3945
2200
1108
9479
2703
3342
8347
8046
4479
936
7852
7266
7450
1596
3975
3035
5970
5865
1539
3665
7853
2492
1409
8984
8141
3815
2244
9665
3438
1286
3314
5216
7222
8827
480
7018
9707
1075
6926
8931
5847
6730
2386
2124
1501
4819
4842
1189
5540
6147
8267
7558
5057
8621
1852
7741
44
5141
8939
2530
186
7549
5504
5969
6771
7861
1466
70
5436
7401
8290
8222
8145
9151
989
5039
7042
3098
8750
7163
3564
1592
8484
9743
1003
3508
1051
5871
4015
4449
2907
2401
9394
6229
2343
1179
9436
6090
8164
8070
5641
1522
8979
3698
6450
272
3554
6970
2724
7809
3071
4066
7757
9156
1665
9905
9432
2088
9401
3800
6883
9336
4884
6679
3326
1355
6476
6934
9040
931
3457
6233
6014
7159
6278
915
8272
3134
3906
9274
9485
6763
3584
3959
7913
2719
4861
6914
1921
1804
7744
4892
2430
2699
1921
4386
4518
5110
4605
5162
1044
2900
2591
8833
9304
7080
860
1825
9776
9292
6722
8423
9049
6803
4590
7690
3374
5451
6408
27
2673
6699
2185
8488
4399
6585
5980
1515
4475
7193
3084
8881
5585
3462
3949
3525
5325
3709
3921
3790
7049
9357
5416
5856
2769
8169
1875
315
2538
6206
1419
5987
78
8481
9878
1261
5682
926
7773
9097
9804
9808
9017
1589
6541
9732
898
4242
9788
4426
6363
9618
3817
8880
9347
3333
8449
4846
1999
4584
1517
3046
5754
6542
8347
655
3058
2616
1384
2794
6958
6240
9007
5394
7855
227
6667
1453
3910
8601
1737
6776
5018
4591
5274
9027
3832
8605
4176
295
4261
3007
8229
5478
9371
5818
2351
4874
4539
2327
4480
9170
8626
1769
8418
276
2078
5161
358
5681
9804
7382
1450
8805
3713
5698
2447
9685
9851
3902
1588
7018
526
9553
8738
9209
6597
197
7668
8778
7575
8951
7224
1532
4135
3814
2333
9515
1430
2515
7262
6631
1682
5609
5810
7314
4401
894
5291
3696
7261
5135
6460
5327
5389
4028
7504
3806
5786
9162
3908
2701
5865
337
8960
5194
4055
718
8672
8014
83
2064
4682
4656
3569
5881
7427
5832
3672
938
2873
4290
406
4708
6802
7965
6383
9211
2069
3913
7737
1534
7091
8093
649
598
2827
2399
8148
7937
5976
8372
5954
8386
9506
5280
2364
4171
1938
4258
1248
6270
6389
8556
5062
734
163
5365
1648
7547
8649
4568
7990
4846
980
5867
4321
2110
2511
7462
4354
4750
5071
4130
9501
2020
1719
6517
4271
9118
3706
7112
4432
3521
5243
443
2829
6746
7210
9870
8525
3517
8210
8924
9508
9790
9633
4452
6144
6143
2407
1214
170
8449
9426
7909
8334
2631
6819
297
6936
6233
5646
7560
7135
329
6934
4765
3984
276
8934
1307
9249
1261
1271
8132
4477
9428
1358
7976
561
7969
4430
8430
4336
6757
9008
572
3725
270
7874
540
1082
5514
2202
5719
2165
2043
8342
1432
5363
2541
8153
1605
3931
7127
8105
4204
1528
7876
9948
5078
9641
4858
6991
5826
12
5451
5415
4187
9453
1641
5026
346
9384
6334
8775
4427
1348
9133
9009
6249
2616
2286
1458
8856
6617
7428
9483
37
9090
9819
1295
2439
9423
242
6261
5496
7739
9538
5485
5554
4465
9697
3333
3056
3486
8605
7860
6329
6824
4124
6110
5712
7623
6920
3064
8579
983
6275
5858
7264
3623
6844
5611
3086
713
9472
8665
490
5
3689
5167
1147
810
7592
9248
1851
4252
1557
8659
7149
9895
7310
6334
8162
6890
2070
8755
8581
3755
9541
1216
4671
9099
9944
4843
5687
3972
9865
8475
5269
5034
8264
39
5578
2313
3955
1274
1030
893
9383
3482
7504
6819
4137
9973
6933
6016
4045
5959
8917
9415
8266
377
6898
6002
1521
2818
5456
6453
5132
6581
8565
2471
9562
4069
3661
3730
8753
4547
129
7476
4671
7175
9281
2464
5278
8565
8036
2134
144
6185
6628
5117
7000
2916
8124
2505
5809
6885
4290
5896
7075
3870
73
1762
5952
904
9319
3322
9577
2473
9300
4648
9500
7253
2971
5947
6274
8048
4216
2570
3173
9282
1810
9094
6223
7550
7513
5277
1826
7758
9688
30
6387
4696
3624
8563
5416
7209
977
8445
7871
1792
1974
5334
1094
8117
5409
5218
1481
7978
3165
9573
6026
2746
703
2848
8169
3999
4898
5439
8091
7066
5060
601
2073
6443
5750
1433
6924
5989
8218
6374
1952
5042
8441
813
653
4525
227
6872
9928
1233
2973
5436
2698
2434
6687
6258
1972
5360
2401
6027
7073
1054
9618
9869
4697
7982
5698
1807
2244
8002
4656
2650
7179
24
9701
4950
971
8390
746
1742
5792
9155
7533
3266
8686
1238
3269
2882
451
7301
612
1374
9092
7113
7301
7555
4173
5095
7166
1249
9789
9341
8395
6208
1195
4787
8359
351
483
9346
4014
4293
3382
9042
6223
3039
7785
3598
7546
2806
7965
1723
5116
6691
1047
950
7208
3067
1827
7055
6752
1217
8458
557
9891
1062
1490
5238
8409
1544
4847
6277
9902
5309
5353
2779
2398
9443
3262
8901
1135
1531
4801
9889
6034
5081
8498
3116
3315
5493
3480
5356
1277
5101
8034
5919
2759
6169
727
165
6094
8699
307
9363
6189
3729
2813
9909
6084
1540
5505
3235
130
8022
9368
1620
1532
8436
1544
9556
8907
364
5244
743
8074
1555
3972
6887
5889
2553
1766
8193
242
2749
3645
3798
438
9468
6869
5182
5858
103
3345
7644
8617
2160
8920
2968
5577
9425
1683
8330
5841
1243
6350
9454
6751
8814
5700
1026
1665
2511
1336
827
4199
7501
328
1232
6741
5583
2769
2595
7405
7915
6204
1134
8255
6451
5378
6643
2056
9107
5801
3408
7172
565
5535
1728
5400
986
6826
7632
5597
8135
8268
4611
613
1673
4935
4126
5503
986
3613
8743
2545
2578
5760
5159
4916
727
9100
6029
7470
2855
9930
5515
4742
1225
2933
5725
1724
8604
4739
2810
9900
2461
3826
9138
7043
8997
6856
7846
961
8174
5454
9576
464
9964
4158
2079
9398
7735
3946
699
1419
8492
9751
5933
4482
4450
2935
2678
5260
4399
7508
5005
4991
1823
6024
6209
718
9881
3459
2931
1513
345
5614
4871
2729
8839
5789
9934
3170
6239
2610
6715
7392
6402
7512
5053
9956
3227
9065
2651
699
5626
9042
8896
1531
3846
3006
4490
5632
1349
5123
6603
5018
4273
7932
3813
7724
2370
9431
5050
5440
9527
1912
4569
7461
8854
2097
5432
5129
673
7024
1732
576
8321
2053
3650
2191
8271
2689
5677
2916
6279
1057
2055
4445
2196
4504
2663
3977
3900
7351
9325
8069
7826
5569
1052
1860
3724
6819
6674
7083
5667
4210
7224
2948
5589
1351
1270
2987
3550
2423
9846
1197
7722
5911
5911
6687
30
2361
6034
4999
9746
226
5286
5702
284
1020
7553
1532
4009
8459
8784
4781
3360
5443
9733
3482
7424
6298
5350
2536
7849
6077
7175
2019
424
9291
2761
9792
2075
5188
4289
2553
4651
7214
4171
7531
9768
7796
9369
27
1389
6207
3039
3656
7347
8797
8466
2104
4086
8146
3776
9583
9691
4186
63
507
8076
7167
5039
6624
6680
2140
9575
7715
1772
8482
4408
2173
3240
8203
9537
5827
8420
5024
8954
3100
3177
8627
3408
9486
3047
728
5387
6111
3774
2758
150
8852
274
7672
7528
6843
3484
6883
2095
1490
4834
3052
9715
5334
1222
542
9205
7324
4053
2926
5437
2955
8923
9785
7056
7117
8201
4236
7705
7230
6768
2322
2979
8507
494
4541
6329
1545
5310
3159
9757
4281
9132
8363
6628
3509
5174
4313
770
4044
6914
8264
2756
9718
1245
8529
1121
6054
9670
1761
6615
6690
3301
5339
852
929
3250
4516
8562
4321
3624
7839
1709
71
7036
3189
3632
4789
1467
5917
336
1205
5001
6993
3889
4921
5535
8772
6222
7690
3892
5144
9757
6842
8539
4767
3421
1626
7832
740
8795
8216
2664
7599
9891
2216
281
9852
5026
9789
1959
5438
3057
2888
9769
7672
4458
979
1513
3344
6951
9454
277
8556
7443
639
4946
6011
7942
2940
5930
133
5188
5220
3265
3284
6105
629
1463
7958
5150
7509
1354
3603
3649
2567
5184
1837
8092
1353
951
2069
4211
4687
5255
1643
1906
360
3786
5524
3671
5503
9758
8443
4155
3231
6930
3599
6692
9827
5154
4769
7816
4441
5607
6047
3040
9550
7362
3136
9294
5070
6839
4377
8679
2464
9983
4242
7331
4307
2026
251
8052
6833
7977
1348
5417
127
1446
3348
3932
9727
4197
6645
3621
8930
5103
8076
8227
2996
4345
6499
2381
5803
8308
3270
7409
7138
381
4563
2085
9387
990
9079
3436
6696
1130
9123
4785
7449
3176
4646
4390
5093
6191
8083
5144
6571
7003
4104
7249
3634
6945
6943
2381
9637
4146
3497
1555
393
3637
9889
7149
567
3204
6569
115
2844
3155
3958
57
2077
2590
7131
577
7840
715
765
864
9096
1833
7934
5622
3636
6008
3622
2295
6009
4202
329
3513
9042
5614
4512
1518
4959
695
2078
9282
6219
4757
7877
8748
1052
2573
854
7074
8062
4719
5122
2112
3380
1611
636
9064
1930
2986
7803
5416
6182
8020
5748
2409
8028
4944
8935
5452
9420
4727
635
1105
8729
5097
4036
9318
2174
6024
7574
4734
3081
1182
6105
2955
993
2022
909
3608
3836
8595
9100
6862
5805
278
8382
9822
9317
5010
5752
9841
8032
9215
9554
8394
1749
2092
1350
5001
4860
6531
2308
4969
6750
9633
2881
1563
5591
9147
7477
891
2201
9603
4008
9207
7631
338
5558
8777
9144
8543
9817
5989
7834
3620
1509
7618
1529
687
8907
5196
9047
6114
851
4803
5288
8626
2174
2681
2849
4620
1721
6906
8791
2909
1851
4584
8742
314
8211
5650
4470
3558
9031
7456
7298
1209
7750
7878
5247
8597
1492
4522
5810
390
917
9675
4753
353
8592
4302
431
8970
811
2430
4000
7300
5166
3913
9648
5504
6606
4996
6638
6435
4423
631
26
2051
6816
5299
4330
161
490
6965
3085
9607
3575
631
9678
1064
1700
7439
4323
9020
6303
831
382
6078
1832
8686
792
1576
9776
2270
4582
8357
4820
7216
159
9025
6508
6500
5925
8651
6564
2998
1475
7155
128
5201
5255
4336
7423
8154
7139
2375
745
2637
8966
8688
158
8633
3447
6229
1150
5370
4653
3202
2145
9807
4627
8598
7010
8113
3914
9232
3691
8043
2739
2362
3787
9373
7771
4383
9702
5097
5235
8438
6260
2833
2388
6328
1186
3244
9176
4480
8994
4644
8655
288
2039
2978
5027
3132
5969
6513
4998
9076
7666
271
220
2860
6341
6230
924
7563
4529
2569
6529
3731
2812
6856
8317
3809
7678
5654
1385
1010
5274
4945
680
2795
6502
7581
7654
8820
1458
583
9026
9637
4128
3329
6654
8256
6058
5342
1467
6188
8650
176
9369
1251
2550
1302
7835
8836
3636
41
7469
2955
6616
1023
2335
5449
4632
734
5908
8633
4258
6809
2502
3842
4973
1991
3956
9169
4544
1239
571
259
516
8864
8062
950
6536
9062
38
5024
4244
3175
2657
9247
1368
8776
9336
2375
2616
7461
2978
707
1062
3253
9569
4128
9302
1159
9484
4495
5712
2131
1468
4107
1558
9803
7858
1441
2187
6065
4807
7985
3217
945
4914
5020
8186
3534
3102
2832
9664
3492
9428
7722
1318
923
8377
6335
1968
7540
7608
2640
4941
7730
1709
7780
9095
732
6490
9979
5373
6471
9889
8766
5321
6736
7181
3242
1019
9745
524
3279
4369
6469
3985
7051
3003
3588
9081
8411
9964
2871
6311
7362
1675
8598
1575
8388
4413
4131
3135
5505
3930
2029
9418
7855
5336
6410
7918
8946
4813
1034
4846
5634
5318
3203
5515
9306
9218
8462
9262
7886
328
9856
9471
2989
9970
8405
8245
6345
7145
4556
6049
9662
1498
9299
8939
1304
2767
9515
4533
6582
9951
931
4829
7072
8856
1735
9772
7870
3128
1910
8515
6796
3739
4698
4154
1955
125
7762
8567
6836
5797
2777
8053
5886
5412
7305
2489
213
5514
8268
9302
6197
6183
6410
2556
1995
394
8016
5566
2217
2024
7915
6140
5681
7981
4196
1798
4255
2823
7714
9291
945
1745
4126
3252
8985
4619
3333
6684
2531
1284
3523
1372
9615
1176
9508
7948
4669
5572
65
5621
323
3853
311
8026
1821
4057
4764
2987
4638
4151
586
8128
8865
9045
55
4163
6093
5462
8627
3270
3862
4187
493
6866
8317
2592
6430
175
4996
8087
9850
9170
5435
7765
7945
4063
5653
5190
1649
3646
5374
5329
5914
9240
8686
7594
6255
2357
3900
8107
5329
5489
8404
8865
8090
4197
1408
1688
7121
4529
7914
9880
5378
6082
5045
3365
6940
9323
4050
8696
9597
6693
2986
4322
199
5221
739
3367
7285
4186
4065
4487
5637
3343
9482
9034
6835
559
1997
3416
1012
9530
4664
8878
1151
4775
6346
4184
7817
5840
6432
8723
3646
4015
4788
1504
1937
6446
1959
1500
5076
571
1948
1596
6722
9951
7839
9304
1781
1297
4245
334
1192
9886
3666
844
6193
6740
335
8343
9769
3388
428
8381
3952
7065
9243
9457
6142
7399
5777
7255
3282
1181
9477
2546
2700
180
6664
7057
4889
1866
9149
798
291
2399
7838
7881
4726
8984
127
34
7700
6607
6923
1517
2628
402
142
8998
8027
6339
7215
7497
2497
5018
9511
1629
8311
8282
5935
5341
2566
3382
9321
5317
9825
3458
1644
9190
8441
70
5260
3837
4326
3427
6162
9601
3316
5795
3080
6706
1436
6713
5275
8876
9295
3436
5982
5977
7831
2696
6493
7009
1822
3278
332
2650
1710
7060
5524
8356
3554
1820
9414
8495
4953
1329
3882
4164
650
1246
2397
3713
9013
3140
9691
9830
1683
4201
6836
3017
8063
6782
2048
2583
1258
3318
7323
6097
7729
8455
6625
5401
4156
961
1194
6247
9584
7019
1394
2435
2070
1689
2079
860
1020
1802
9389
5946
3003
8049
731
4890
7659
763
4443
9263
6097
4315
8962
4081
6992
5093
2735
1707
2408
9284
766
4814
6601
1105
9905
6096
730
6140
2029
7147
4929
4008
6608
1581
6695
3304
5123
7651
6697
4533
4665
8256
3768
644
7333
99
5737
7901
5523
1217
3124
5537
7402
9566
2872
1102
1221
2313
7736
5504
5666
7988
1399
8644
6269
1782
6140
6544
3113
1250
7368
6426
6342
8541
8152
2484
526
2868
1922
9325
7327
2464
2182
6716
7888
3542
1384
1216
7888
984
9479
8070
5780
5063
1896
7117
7687
760
4358
4217
3351
8975
6632
1469
8107
1427
9833
9615
5515
7662
1497
5736
4740
87
7894
8442
4829
8479
7633
4872
4
1761
5172
4979
8318
3631
2850
5497
6161
5075
79
7449
7369
9903
8164
8639
4694
3487
8409
7315
4696
1516
9024
2551
7181
1486
5464
7417
1274
4515
9389
8227
5191
302
1725
2838
3159
3435
2624
7557
1906
1360
2123
8605
3114
2517
4899
1868
9072
9927
9015
8502
7248
6652
685
4406
9586
2753
4389
9202
8881
2717
2179
3080
5246
7774
7124
7142
521
3033
5682
3361
5728
2782
2079
7436
7222
2087
1077
6677
4962
9596
4359
6752
7638
3309
6222
8339
1502
910
1074
5818
1615
3919
7315
1228
9153
9883
1939
6639
8120
220
1527
5599
9452
371
8613
2630
6020
261
5456
7528
9939
7047
7966
1020
1983
7256
6844
7822
2305
279
2164
3956
2383
1825
8244
144
4927
4829
4838
9872
830
7740
4860
6493
2316
9705
7675
4287
9186
9321
9841
5522
8485
7941
3556
681
8659
6493
8316
5617
6998
8695
5911
748
6306
9701
7797
5252
3717
8343
3978
5620
3763
1940
629
1260
2588
6136
9060
3649
3998
2809
6632
3253
8908
9184
8309
1426
7697
153
1500
5586
5011
9893
2142
2478
1933
8507
6793
4236
7044
7851
855
8033
7026
1301
925
7860
8950
4235
7317
8388
7636
6715
7599
8202
8064
7911
2476
2387
1580
6740
2326
3756
1178
9860
2274
2308
9836
3854
5453
2024
2679
7921
8469
8713
9727
6061
6258
119
7111
2991
5274
8133
9492
9220
5758
4940
5661
5740
8810
4482
5370
7982
5489
4848
9992
3593
3729
4293
2754
1587
1209
107
4950
3488
4191
8366
1734
2920
2374
6758
8132
1101
2075
5795
8425
7568
3846
6289
3457
5569
3430
9879
6808
1422
80
9904
8036
7031
9283
1841
7635
5699
9918
6187
9385
6897
7856
9220
9081
6723
5375
6664
499
7732
564
4609
2351
2741
3001
7557
7619
654
1582
4978
762
4089
4513
6175
485
6890
365
6438
7048
4476
3844
5363
9293
9451
630
2449
6809
7090
5351
6836
3195
9282
4135
2344
3235
9615
6737
3349
6484
7368
491
2472
7913
8062
9875
3468
6661
9415
6465
5506
995
7809
6916
8031
1551
5560
1093
2118
6074
3290
1474
3610
9428
2119
5912
12
6998
2840
8695
8903
2353
6667
7556
5515
968
5488
4520
3460
3024
1645
557
6904
6291
9540
1394
6747
5003
4369
8232
6858
4679
6975
9550
7216
3578
6957
4204
4457
889
8785
357
6381
3081
358
196
907
1092
2073
2946
1793
8863
9178
5874
5439
1164
9018
9520
6634
7372
574
4401
7152
3081
3854
7016
9893
4187
7553
3930
6175
7151
2512
7407
2850
5469
2057
636
9031
5418
7175
5931
559
4020
1793
4614
1426
7149
5798
2813
4415
8710
1857
5808
3869
8225
7819
1424
2048
3618
643
1397
5288
4202
1936
8493
6542
2349
1218
6823
4710
902
1922
8114
2548
8717
6325
7885
861
4072
7159
6121
546
6868
9765
6747
9073
8748
8112
5272
7253
2594
4610
8899
3578
263
1440
9480
3677
3757
4923
9721
4060
6359
9129
7644
4298
3224
5894
7648
396
3040
6401
6978
2767
223
5718
8260
4568
9312
5835
7963
9084
958
4348
1559
995
8526
3245
4428
1074
2658
1293
34
8347
4501
2027
9668
45
3104
1126
9382
7541
5727
5227
9427
7621
7115
8705
9351
7898
8233
604
8487
7098
2006
8208
412
3047
1020
9673
3720
339
2974
4849
9346
8576
7037
725
4979
546
1296
8251
6802
3838
3566
7266
8261
824
4591
9359
2347
6241
8788
4533
4968
2579
9068
354
6699
1380
775
7376
2197
3581
3479
4765
1524
2562
5121
8371
3662
3234
568
868
9208
901
3810
3779
6988
7124
4674
8878
2863
2729
997
8069
6744
2001
567
7388
8603
8065
4429
4853
5903
2091
9232
6967
437
6891
600
176
2616
9984
448
6756
1684
3166
3965
6502
9892
1136
3682
4346
8935
9251
4812
7824
956
8907
7614
727
1896
8718
5500
6345
3422
5179
4995
2142
852
4254
8360
8621
9693
7333
9305
9369
6747
9350
1049
7214
722
462
7856
7393
8979
1803
1371
9394
3492
1614
7858
3124
6600
4654
2795
2583
9148
8989
165
415
5711
1933
3741
3372
8059
1190
6086
8342
3683
8571
9604
3927
5316
5798
4409
4256
4948
3018
2363
5653
7649
7251
8847
8958
89
9111
9297
963
7524
1834
9805
4968
7070
5584
4965
241
327
186
7122
6861
2307
5187
483
9687
8050
246
7327
2600
4138
1962
5075
9028
5871
9707
1501
9462
5956
5628
4029
6002
3339
8391
7507
1397
7899
8225
4155
1288
3246
3099
3821
8374
2770
5081
9444
1736
3201
4263
1342
3460
8537
6814
6599
5845
6957
7763
4170
7265
1867
8009
9129
5206
1024
9422
3625
6200
6014
533
9817
6135
6265
7370
9046
3259
9067
7800
6805
543
5160
31
2730
6510
2126
388
8279
2178
4651
4231
8410
2003
3149
3612
776
7701
8050
6167
8643
8416
8964
4197
320
9336
3286
5082
8502
8974
4681
758
113
6255
7139
1811
5053
859
3484
1251
3899
1503
8907
688
9427
4263
3954
9562
2796
657
3519
6677
3077
7096
6723
6191
6100
6565
1319
7413
7445
8789
4880
3685
3547
6912
1903
4784
7568
8362
3327
465
9447
2201
5549
7009
3926
3599
478
5674
4258
3322
4778
2560
4185
5653
5106
7175
5445
3322
9199
8099
6661
8005
9528
1472
8637
971
3182
3346
1769
7243
2146
2465
882
9464
620
9384
3351
3313
250
195
2666
9778
9812
5821
3195
3792
1427
5947
6614
7505
3386
645
4616
9192
7851
4505
4355
9997
4683
1882
6242
3088
5403
9313
2642
4279
8987
5481
624
4467
2719
7968
3940
6401
737
3830
9962
9312
1918
8060
7367
6569
4743
3173
1981
8954
7975
1357
6583
3951
9617
2508
8141
3503
8090
9850
1235
420
7978
467
6496
9822
3901
1663
6379
4094
857
4669
4203
2618
9941
7367
1148
862
6786
3647
7491
1448
5273
1812
1349
5248
2763
7093
2704
3043
4989
9346
5134
5209
52
8194
4674
2262
2821
1442
1751
2982
3021
4057
4016
3107
3919
3618
4526
4956
8065
537
7556
310
6725
3586
21
5912
1946
4591
3176
9158
6700
4986
893
1942
7514
3625
4259
1056
8008
2634
2832
4554
7168
179
4864
903
7843
4093
7647
754
9175
7752
7909
2039
4463
9938
9329
4418
1894
6638
7796
5228
6286
1596
4809
2170
1398
1467
9061
4684
4946
1954
4677
4680
2202
4960
6742
1265
4083
7572
778
3296
2125
1681
6353
4987
2909
7500
8813
64
1301
8425
9602
5549
4989
2739
9474
8553
6471
5223
5902
8833
4132
3304
2719
1906
9846
5042
9700
9281
4735
540
8241
1641
5370
3766
1495
9595
5137
159
6402
8101
8682
2272
8054
6098
6002
225
9487
3842
1941
4077
8711
4054
2474
4931
2604
1244
9312
2036
8884
3630
2800
5696
1421
1739
1707
8413
1988
8779
5196
4906
4283
5437
3756
9594
6279
6537
627
637
5726
5804
6946
169
5199
3160
6271
5640
1035
2394
8345
3520
2554
9807
293
110
9776
6731
2473
2937
6355
3971
6860
6368
8251
6526
9209
6770
4535
4882
7295
8686
5959
8754
6790
3412
3824
4775
6732
2973
7604
8060
9484
6288
8366
3964
7215
3951
9208
7225
6986
8028
8864
6982
5437
377
3892
5703
7557
5617
4529
9604
6266
8870
268
6908
2927
9764
9498
8352
7710
3290
141
8334
5682
9117
9550
7086
8802
5003
2969
849
6919
9370
5337
7636
8741
90
5258
3151
8737
9917
812
7147
8604
4032
7802
4913
4119
7281
9445
9841
421
9828
7473
6928
8771
1327
3779
4359
3842
7318
959
6900
1080
318
9850
3729
387
9076
6848
414
9217
5290
494
761
9349
1286
6642
7721
1970
6044
4108
1760
593
3427
2519
3319
3453
9258
6818
1629
1286
8666
2118
5762
3040
7967
1151
6205
7534
1527
7953
8764
4385
8811
886
9021
1785
8997
7036
3307
2555
5220
4865
7297
5102
4046
3410
9447
9720
822
6263
9172
4234
9250
7306
1613
6663
6501
1089
5080
5670
6751
3866
8197
3985
2543
3083
9605
4412
2021
1117
9201
1483
4316
7557
8735
6930
3018
9707
531
9673
3313
9748
3538
6996
9506
6249
687
4480
7218
4771
162
8728
907
959
5185
3700
2029
4971
9576
3053
9493
3720
4102
1747
4098
5067
6338
6399
5621
5349
3021
2072
2116
4877
8280
3827
3724
9532
1887
7204
5646
580
6785
3867
6737
5218
5283
445
6774
327
733
7247
6356
3223
9836
5444
1383
4980
2217
7435
38
1015
3273
8884
1673
1069
5387
8875
8296
3799
9236
1672
7725
5354
4897
2469
5830
1366
2562
4273
3586
6080
8389
4274
8203
6197
5688
5492
8077
7724
8276
6626
4864
6231
1662
9600
4357
2715
200
2600
8993
6785
8819
6280
5309
7912
7247
6753
7779
1700
9796
9805
3869
4869
7692
8853
4127
4662
2281
1189
5201
8942
3233
880
2055
5509
4049
4287
6414
5812
1320
204
5685
6099
1052
4448
8436
8362
6694
5705
6172
9919
3912
301
3167
3030
748
3680
9560
6562
2643
5127
5792
9737
3412
4786
4379
9115
2885
431
4805
1009
1102
5595
9417
6735
2061
8026
1232
4448
5466
7592
5263
4575
2051
5185
8903
5175
5361
4290
7188
3179
6
1741
6718
3092
4990
3986
3063
6400
9892
6946
2803
9266
9539
616
5928
591
4699
1735
8305
3105
4654
4659
5278
7812
8333
3762
5394
6717
3019
8330
8806
1031
8827
5685
5006
9352
8972
5058
8793
4115
4586
4097
3064
584
2064
7939
9941
497
1005
3877
2250
538
4484
7952
9362
3748
585
2375
5100
5213
9743
2258
128
8810
7200
7925
79
7080
1932
9651
5845
4690
7896
5604
1120
9247
4588
3853
3536
2827
9161
4269
8931
2450
7272
8075
6780
3782
6666
7167
9718
4908
7014
2351
3210
3748
2442
235
378
389
7310
6602
3102
9066
7874
4998
9755
1861
1469
4992
3390
3335
5735
9714
8366
4426
9695
790
7927
280
5811
7253
6255
6979
4884
9134
5015
3892
4387
1619
3902
5869
5173
6690
8978
4857
3556
8165
111
8352
2635
9327
1141
9064
6103
8530
2557
5967
3172
5540
2022
3472
9006
9360
75
1703
3981
422
9527
72
1217
4496
441
9148
5279
6540
4201
8841
1022
5145
7953
5427
6394
8099
1607
2152
462
9869
7142
8080
4779
3262
2546
2768
4071
2389
9315
2647
996
5899
8207
2108
7207
5811
9831
8362
7313
2445
3373
4083
4755
6284
1791
9669
2539
7213
1882
5767
1653
4676
3714
8103
2912
5339
6054
8294
3952
393
3823
5162
3663
3249
4433
7476
5668
4985
2397
8747
198
2801
9622
7405
9692
9443
3681
9364
305
5119
5190
3485
4697
3887
970
5993
4692
4238
5662
2236
9800
4385
7730
5449
5586
3806
8623
8303
394
4724
1163
4490
3471
9000
8163
7048
4734
8910
6273
617
9198
9969
7273
6165
6952
702
2590
9121
8240
6825
5754
3200
7851
335
2390
6297
4182
2807
740
9272
3346
5743
179
3595
186
904
9418
9329
4355
1132
5122
3701
3631
3637
6434
3816
3256
1118
824
6404
7063
9737
7399
5429
6349
5718
2127
3166
1883
408
4404
202
6011
2132
7501
5356
1291
3397
5560
6022
5898
9202
8311
6266
6446
8549
4745
6655
7439
82
2667
8825
2788
9781
1960
8240
7271
7973
1432
122
6169
778
5253
8153
4180
6610
4903
7396
7145
207
7962
7520
4642
1311
6186
8215
6632
122
3634
8781
6481
9649
6201
7789
6240
234
5043
1973
2757
8832
7416
3395
5972
4496
9671
3410
1077
2110
7574
7812
5169
5679
4984
1534
4711
3381
3994
7906
7602
2694
5554
8577
9912
5645
3763
1030
2998
630
1107
7174
7640
1378
8578
2596
7495
6551
5347
5961
8054
3111
3619
8889
3208
1730
1579
1137
5147
3688
694
1014
4991
129
6073
6207
165
4311
2013
3386
8290
9644
9112
3905
5805
9788
4298
5563
9700
1378
8700
7941
5028
8849
182
9803
256
2463
6924
8866
6576
2321
6227
4500
7903
3398
8243
3919
7576
698
58
5042
4890
8430
2306
887
6628
8157
4166
16
413
7824
7261
2155
8387
4486
8055
3547
3502
5717
4763
8438
2009
3652
8097
83
7013
2140
9699
7834
9633
6999
5598
5477
602
6391
8533
8477
3690
6972
5792
8131
9159
3584
4428
6539
7873
8049
6585
6384
7465
8840
3113
484
6226
8667
5444
5461
2960
7962
1136
285
7264
2512
2319
5209
390
5179
6192
6672
4029
9613
5013
2913
5925
3296
636
9610
2685
8893
1528
4704
25
652
845
1509
7161
245
8522
1428
3765
2240
4412
3656
9348
1058
4208
5862
3437
3740
9013
8862
1423
6370
7651
3021
5269
3777
6535
101
6181
8231
4454
7184
2462
5097
6750
5121
789
3631
7839
2519
9024
8858
6710
3116
3161
979
8385
4798
1773
4164
4216
7534
8216
7144
639
8076
5639
7450
3388
4587
5178
9359
4861
9046
1857
3176
9406
9914
7219
6655
6946
9369
9458
9544
8969
6607
6385
1182
7484
4805
1275
2759
7841
7291
4085
4424
7054
3512
2956
8898
9375
755
8038
6344
9465
7861
9684
2218
7284
804
4350
2056
4527
3819
1438
3546
5248
7228
8223
1713
2168
8364
4293
5894
1273
7166
9452
3218
4481
6000
1866
2390
7785
9354
1157
544
1973
8851
3820
2846
8632
10
8391
590
4463
1431
5903
7160
2147
5131
1642
8806
1454
1138
6438
8558
8055
3625
8042
6500
911
2144
9533
2692
1347
4714
1437
93
1325
9250
7026
5433
7223
6061
2721
5050
6817
8993
6960
8006
9968
7889
393
2685
6618
6568
199
1337
8687
6323
8459
9578
2103
7169
7893
3223
2575
2689
6304
6745
8953
9440
9912
8093
1227
5443
3967
1546
7194
3925
2607
9158
7623
6932
4401
1613
3474
2716
7781
2312
8409
7615
5287
6305
4512
7940
1427
351
6264
216
2520
1400
4524
9300
7395
5711
3482
4740
11
3512
5867
1179
8962
9350
5367
465
172
8350
9020
2985
6952
8962
9575
3530
966
9317
8114
7015
978
2610
937
8730
8347
3867
4994
1861
4026
1682
2474
9320
1703
4506
2144
2016
5590
408
727
7870
7379
4330
4105
2519
4158
9070
5305
6575
8929
196
4316
80
908
6578
5992
3351
135
8912
2806
7812
9698
5605
741
1678
7227
6667
2804
4515
4486
626
5296
8201
2214
6744
99
8655
4993
982
9021
5638
2385
9228
4273
6373
1905
1193
878
4108
9351
4654
3080
1832
3217
4269
2060
9122
2649
7042
6159
5548
711
988
7655
8001
4807
474
1783
7742
3164
4756
9872
622
3478
974
5574
6464
9088
6949
7598
7380
4436
9112
9285
2832
6038
1138
4365
7655
3559
6436
9677
483
3846
9593
5390
9635
4880
6358
7982
2651
6775
4579
1794
6586
5495
5583
1598
1568
4114
9261
4029
5640
964
1585
3365
1596
5563
8487
1440
4445
8999
9497
7353
785
3166
96
2536
6143
314
4696
3846
7788
5641
25
4636
7834
806
3803
1082
5022
1037
8545
3289
18
5032
6770
64
6052
3510
8507
2296
9358
9051
1874
6811
4394
3015
5899
3179
2179
7792
754
1260
7519
58
8193
489
4202
9060
4440
553
9106
3241
7076
9486
9177
6759
6796
1653
1068
877
4771
8627
2344
7471
1235
4963
2139
5535
5155
2196
8767
9349
2928
2284
7144
9156
1117
6219
1269
3091
5110
4519
5892
3718
3290
8538
7842
3717
7134
9593
6134
5486
2434
5375
857
112
6776
1695
6610
9097
6898
6721
2748
5529
5318
2806
2416
8471
2960
7886
3196
4310
5454
8012
2199
916
621
9478
2310
8845
4301
1984
4072
9114
2903
7075
9952
890
4444
9747
6149
7971
8000
9452
264
7523
7734
1565
9560
4471
2113
2077
996
6784
1331
9746
6243
5694
3636
1671
2530
7052
6395
9549
9378
9559
1194
4121
4819
2922
2564
9403
4323
5564
4293
5439
2132
1475
5522
6962
7982
8431
9350
7691
7138
4594
5113
4482
754
9612
2033
2738
3585
1451
4119
2402
5420
3911
5288
2479
3691
8965
2991
1687
6163
6926
2986
1737
3674
5880
9087
4241
2394
3278
5948
6379
8877
7430
4207
4652
5811
8905
1472
5147
1561
8597
7657
5528
7027
8653
2427
7981
4215
4403
8761
7886
2967
6095
8826
8006
9067
3235
6220
8002
8279
3751
3043
4023
966
7864
5550
5633
5808
7989
9808
6876
5336
716
5179
3560
2778
5143
4878
3342
7802
5642
9695
3451
9546
5441
2045
6183
9260
1623
4088
8794
1960
3338
9688
9307
9136
3454
6676
4115
5369
5397
3450
1739
5576
2299
7720
4041
850
2549
8471
7650
9986
175
4910
1180
909
6647
912
7592
6370
7802
5344
9026
2054
9934
7954
2503
5983
3729
3518
2039
4494
8204
7520
5097
605
7964
7142
7877
7546
291
9108
2517
8604
6576
1662
8687
2741
4986
2067
5991
3353
9694
8340
9804
3083
5886
8861
7014
2150
6712
4631
5854
6522
1730
8822
5916
5641
9047
4643
2345
297
3236
3346
4689
1922
6280
6165
6915
3191
203
539
6854
9239
2838
7158
2635
325
3864
3946
754
2849
7865
5724
1064
9008
2252
588
2556
626
5431
7026
6496
1979
5797
4675
7612
3043
6727
9560
1625
1300
6673
4619
9207
5329
6432
5200
4116
1864
7248
8407
9639
1290
7080
7156
4398
9567
2256
9002
2050
5982
7989
4361
7656
8467
5690
8490
8658
1007
4310
4842
8906
822
7855
6681
4751
8069
6362
989
7500
2861
8049
6191
7850
6053
227
460
4309
4616
8096
1979
5766
7736
6836
2438
4948
8479
5177
4783
7806
866
4654
6721
1197
7777
8116
7866
6200
915
6032
9654
3786
3876
5756
8428
1955
3819
6615
5435
2055
2701
172
7658
8008
2833
8423
2230
8860
3152
6894
3830
2893
8422
9499
8119
2285
8481
2443
1
5742
5475
6195
3475
831
9352
3555
8629
3521
4800
3730
9678
2563
8815
4822
6196
204
7071
8992
3131
7549
1296
9987
2904
6752
5054
5782
9618
1771
4043
4967
7073
606
5417
6908
9876
363
4003
6488
1983
9066
4595
2860
7052
208
4761
6894
2260
2015
3878
3934
5396
1160
9989
3111
9162
4106
1704
9598
5753
6887
2386
1005
9128
9359
1259
1773
6837
3150
9639
6178
3170
6097
1337
3319
1515
525
6570
1054
2360
1695
4980
4591
353
3575
3020
4296
2660
2594
7757
1029
191
7562
9108
8343
7531
2932
8554
4063
135
3261
7649
5019
4783
8920
6267
5850
9102
9899
2902
8626
229
786
8662
2274
3239
8628
6291
3696
7818
5552
1050
9472
2574
6647
9616
3058
1675
8594
7011
8884
5107
4367
1221
7699
8392
7875
5149
2530
353
4198
1944
8709
6775
8652
7123
3636
9733
5708
3163
872
1717
5810
2189
4371
408
7168
6077
4644
4731
1449
2508
8515
3555
115
8713
7923
5208
8846
828
9694
7491
6715
6205
3914
5353
5377
8880
7324
8401
8702
839
6357
6906
984
8054
917
9954
9022
5216
401
3746
3031
6564
9609
3482
8788
2453
1584
5244
4423
6739
8862
3083
1263
392
660
4303
7405
7006
4626
514
9920
9151
7512
4368
5650
4970
2680
9167
1550
4257
1441
8198
2958
8946
6494
2722
1790
5126
9457
9885
686
6125
2890
6668
4283
9291
8606
3485
7680
4660
8106
907
9872
3220
5599
3752
7374
2960
4301
8400
8863
795
1036
824
6526
835
6806
2673
2262
8005
9667
34
2071
4802
1132
2503
1985
3131
645
3176
8381
7075
5972
810
2318
5841
6694
3003
6134
2402
5713
2340
3046
9863
2237
7859
1349
4442
7078
516
4827
2768
5479
3500
8275
6373
2762
2214
5878
2857
2788
6514
9177
6626
7202
7294
7091
7635
8943
5851
8183
295
2659
9970
6195
5951
7584
145
6053
8063
9767
7092
7195
9293
5440
940
3848
611
4148
9097
8496
5921
6448
8956
2011
7205
3625
7873
6029
3459
592
2204
1374
3494
4191
6979
7229
70
2328
7254
7526
6494
51
3649
1534
9626
5364
504
9478
3355
2138
2367
5893
3073
5280
6386
6218
4806
1987
4254
4412
3629
864
96
3308
432
7239
6873
2075
9148
1370
1939
3708
6239
7743
5959
1728
5428
5105
8533
1248
8652
316
7333
9223
2353
1515
945
1943
7200
7666
8988
3774
2005
4348
2332
573
9627
8742
6224
1686
150
2162
373
4832
5395
2638
9662
4308
7273
5009
8082
4606
8204
4687
3430
3246
827
4991
2750
9754
3882
1472
2877
7176
2978
5760
8077
2135
8805
3003
2874
274
1892
1403
6930
3129
7376
4069
4310
9231
3955
822
8397
5245
6701
3756
6872
9536
9343
4770
1776
6412
5829
8690
8968
279
5933
7982
3119
6651
4634
2806
2081
4341
6256
5504
6158
327
8982
5110
8947
653
9912
9172
4038
4980
5514
8300
874
1506
8728
7552
6365
7347
7921
9249
7781
8411
7319
8077
5839
7333
7007
4681
5919
698
8545
2426
4018
3614
9781
99
7608
4364
7250
8390
5140
1298
7795
9643
4935
5946
8956
9240
3485
5734
5307
4432
9575
428
1960
9015
986
4401
3078
4085
1843
7528
7663
7292
982
5566
8660
5877
4088
4832
2910
5344
5286
4735
2388
3679
5922
3635
1241
1557
2049
5197
5306
8989
5164
8791
9366
8275
7812
1902
865
2018
7402
7468
3381
3638
8247
7129
3255
5626
9859
2407
630
7724
4509
4279
7483
6933
4975
8270
7945
8015
5071
5473
8083
5633
6372
593
4997
5305
5490
668
7935
3736
8948
4709
8743
6068
7968
7374
1287
1473
6434
3124
7313
9824
7233
5321
3484
5710
1231
9902
9277
2418
6718
7574
2452
6889
6569
2525
2092
7293
1389
2896
7786
7861
282
9157
7515
7468
6598
8799
9289
3693
3806
2188
7972
6526
7860
1500
342
7332
9134
3232
731
6775
6693
1346
8534
6882
4951
9012
3679
1442
9940
1206
6331
7627
2029
5208
7318
2044
6494
7859
4244
5857
3419
570
8724
1721
475
742
9316
0
4952
7749
5346
560
2436
7705
3512
1005
6401
3829
1055
4487
4058
8599
3785
6772
9991
2003
6892
8650
5229
7917
6815
5694
6442
5444
9391
2979
9851
9208
6768
4698
317
6955
2490
4918
6507
5772
898
1350
9509
4828
1824
9752
7707
192
3234
4126
4925
4592
8924
2127
4583
4841
724
761
507
1173
7685
2300
1394
334
4083
5810
5379
1231
4368
4354
616
7907
6007
1399
6081
3593
8593
5116
5173
2904
8573
3083
5894
2677
8024
2461
8139
8384
5121
9908
8958
1046
9589
2081
8639
9372
3611
5742
6369
2671
4712
371
9163
4875
8088
8615
9437
4930
9559
69
473
109
8439
1903
1785
8090
5662
8032
6236
4439
9701
368
7074
2024
1748
9514
9103
9449
1288
9887
9649
6555
5494
6187
1977
3931
1515
281
7165
6045
3354
9472
474
6139
7116
5407
3626
7888
2179
1421
9310
8732
5575
5806
6141
7318
7081
428
9112
7686
110
3086
5477
3230
1723
320
9227
4846
3070
2805
9227
5159
6194
5720
8977
1350
714
1745
6925
31
8103
6518
18
1952
4448
7250
602
3657
9332
8535
4143
7972
3322
9320
5344
8550
620