9527
5763
9311
1020
244
2512
9454
169
1772
3002
1818
3813
3373
5696
2407
2092
666
6722
654
3696
5563
9597
957
6392
5771
9978
6854
6696
3937
7408
1672
4836
2286
4746
5387
8268
7219
6959
1784
2560
4315
4159
4948
9595
3630
21
1173
7468
4920
9267
6479
5974
3734
2151
7216
4950
4215
9421
7065
9590
4369
3908
1221
7289
2273
6824
1108
3911
943
7206
4490
4429
2858
2863
230
7300
327
5490
7520
8424
8751
3071
3151
3200
2152
5633
651
7375
271
7139
1547
9614
6013
5028
1387
3635
5250
8431
9922
5657
2767
4884
1457
8890
9732
1980
920
4912
8469
7718
4430
7489
2238
9612
6652
3844
7573
9683
6206
4811
9761
2601
425
7890
8879
6820
6405
8880
8451
1997
420
1878
2173
7258
6613
4737
8849
1846
2403
3728
276
4699
955
1877
6363
9228
777
4785
3933
8196
318
8619
2646
389
2151
2330
251
7752
7250
6670
7076
6724
5163
9386
2210
8766
2373
6204
449
9648
8972
2115
4443
9696
7554
1808
6564
9187
9963
2412
2990
3559
5798
5317
210
1845
828
3482
1699
4519
2443
6129
6240
8842
2430
3839
9627
7473
6511
45
2155
8704
4478
2954
1444
6763
824
3474
2316
2761
3249
1676
9193
3761
4771
8970
1846
809
7988
9390
185
9677
5649
4770
3244
730
2968
8145
302
263
4303
383
8696
4750
6637
1492
725
1909
48
1764
7850
7838
2010
4909
6944
2484
4680
3576
5276
9300
6603
1690
4338
7082
2290
7888
8812
1786
4207
438
3038
8755
8441
7013
4375
5697
3019
6124
474
3001
8236
1905
9118
8177
2779
722
8464
4763
2678
973
1339
5125
1573
8480
6070
1817
3977
7567
389
9516
548
7261
984
6573
507
4732
8938
9075
8584
4321
401
7376
3631
1018
8365
4904
102
4022
5530
4257
1128
8481
177
9837
1918
3038
9353
3176
4586
8873
5728
1735
7072
1699
3674
7589
5926
9525
5662
5543
58
5823
5074
8154
9707
8477
975
8000
15
2222
3465
682
5581
9585
1362
6060
1560
6282
2861
6714
1042
3872
1830
8664
435
6464
1098
1887
6989
4716
1398
6825
8648
9118
5104
3865
957
5788
2420
7586
7336
1046
141
3076
2854
1181
4817
3548
7733
6346
7517
8901
1415
5139
1806
9131
4028
3555
4654
9312
5679
5345
5015
864
7136
5471
2604
71
814
133
3244
7842
3608
3423
147
195
738
6361
1603
9201
1496
5129
5297
3752
3381
1705
1595
47
2420
7808
8298
8159
9646
7726
8028
2275
8290
3343
1934
2460
9205
407
4596
39
8803
5299
1658
8403
9616
9063
8366
6865
2355
7193
2726
8718
708
4346
1327
8259
7481
8720
3281
7895
8880
1209
5352
5580
4447
3924
503
7848
4168
720
7579
3558
6905
7661
7016
4117
3072
6479
1204
6949
3596
831
9557
5458
2915
4073
6768
2974
9444
6127
6085
3003
552
5321
4899
3004
7003
689
7034
8504
3630
7944
4798
9676
523
718
6545
8811
7502
229
2327
7840
8560
5237
9984
3251
3444
7748
7181
8419
2732
4405
6998
7369
7131
5029
862
4493
7682
9140
7209
8622
9221
4743
4637
8462
5043
7633
8736
8326
1343
7
9126
4000
3394
2372
7017
2461
6389
7926
6917
9259
4322
9474
7858
7151
8856
9872
1410
1790
756
8633
3180
3472
4220
7399
6006
2471
160
3348
1135
1902
8353
271
6978
3584
7222
9292
1935
2720
8906
5326
8088
3521
94
8820
895
6676
4382
1025
7230
4931
1710
4815
200
9642
8942
9622
7992
7642
2506
5528
7650
2873
496
4491
3353
8433
2907
1451
8411
2294
9119
5768
8010
4131
2628
8700
5173
310
5692
7418
1461
4518
8767
5873
4511
2695
2247
3460
7
6963
6100
4983
142
1719
9898
8182
2684
2749
2801
5819
9761
92
443
3713
8135
2108
4709
4751
2610
5737
8182
1892
7808
3929
6641
5902
3090
1750
8382
4642
3068
2441
4130
5899
3385
276
6987
5377
8853
8314
5651
7595
1757
7759
6052
1881
4589
5841
1798
9968
7958
1303
4616
8171
5623
7562
1186
992
4497
1130
1063
3163
9798
2307
6074
258
4977
6779
1253
8555
1405
8942
5335
9763
489
8776
6258
5363
4396
8525
9524
4644
5488
3419
5917
2551
4502
258
1175
7967
3702
2223
4584
7030
5660
5725
813
7015
8173
975
5929
3643
3108
24
4755
4744
4696
2073
7457
6652
6217
843
7375
6979
6711
138
2873
7987
4527
5043
4823
5062
8079
1038
8121
1575
2178
2525
3407
4276
87
7017
9304
8364
2167
2879
1780
8681
9306
6816
7487
2587
9061
2199
3718
7365
1450
1736
5550
1183
9066
6597
8677
1564
6039
8432
2492
8007
4582
2503
3953
563
1190
1700
3939
5493
8065
7377
2807
3901
8463
6564
5190
1157
3515
9417
7891
792
6936
5531
5330
7243
8232
8487
682
6226
5912
9004
7303
2782
2680
6395
6909
1232
7307
428
9787
6840
3099
725
2169
5024
7369
5555
3569
597
6037
7704
7819
15
8509
7845
6251
5660
4193
5136
5573
4653
790
684
7194
3933
8356
8037
3437
7258
5306
1682
99
8560
2188
1343
1109
9859
1748
1855
891
6152
6663
7380
9453
1218
1557
218
7913
6797
7304
9931
8575
1873
2007
8824
5196
2030
9242
468
670
6925
5375
9628
526
7121
8477
1324
118
9095
2791
3487
43
176
4512
3067
9470
9420
2334
967
6350
7347
8847
5303
7228
3811
4844
151
1419
3129
1777
9476
3117
4359
8605
6534
6605
5014
5775
4358
7268
7096
3552
8427
1470
1110
2915
5229
8448
1010
5476
1809
1298
1230
5532
8974
7662
4917
5106
1608
8512
2607
2895
8798
9084
5986
1362
2205
6886
5711
8471
3339
4397
8644
5724
4081
8343
9473
4921
4502
8357
1433
915
5895
542
4640
8163
3619
7365
7735
7415
1249
6144
6341
2255
5411
6208
8307
9637
1723
3431
8574
7973
6635
4712
7382
5790
6196
6329
6979
7163
1098
846
7875
9194
1584
5758
3024
5304
8711
2896
7525
8012
3983
1029
520
6067
8561
9817
4303
3898
4264
4348
8313
5229
9955
2497
5086
9374
3768
2216
1755
6471
8169
4993
5122
4648
5491
9732
8914
3377
1685
3516
7386
322
1523
3071
4564
3920
1050
4959
705
4831
834
7361
6334
2851
6036
5152
8531
9517
1616
390
6585
175
2096
6027
2624
34
2133
3372
8508
5146
5264
5460
1522
3879
755
262
1063
7920
738
6865
6559
8968
8775
1335
7054
8632
6046
5273
1725
5251
2367
8363
4747
6628
20
1427
7733
5496
9276
5667
5443
142
9187
5523
117
8789
3458
7236
7262
4108
962
5507
9287
5545
3189
7219
1279
8071
4038
6710
1586
360
7129
1349
4695
6038
3255
4364
176
257
341
1104
4889
9290
9462
376
6251
5370
5877
1581
6915
6060
6665
9863
4658
8840
2128
161
6998
9602
6163
4511
8778
9628
8295
4536
3480
8855
2765
4027
862
8631
6218
1977
9453
7087
4943
2302
8397
6888
2103
3140
2221
5221
947
4453
7202
3595
5310
3080
6349
4007
7530
762
8156
6210
2519
5498
5651
2832
1442
5957
8918
1545
2443
9749
1809
1929
4077
8423
6912
7238
3103
7310
1451
7835
5809
8616
4869
9067
4869
9718
4310
3892
9888
8368
9222
700
7656
8764
3702
2548
6720
3864
3543
9293
2014
8435
7892
3918
2713
4580
9362
4193
7691
7743
8484
8039
7454
4023
5488
131
4090
1133
6863
2314
7463
4070
4919
1384
8712
5836
2428
4483
8120
3355
506
4488
2157
8360
4172
4973
874
6225
3114
6675
3266
9640
2425
5019
6543
5563
9046
4042
191
8231
6924
8290
6044
9215
6207
5524
955
1188
1050
9235
9274
8786
705
2544
1021
6841
1638
8150
6222
5703
1448
7582
4944
9481
15
1120
8866
3118
3952
9017
3049
978
9235
6378
7745
3244
2851
4266
5308
5338
8280
974
9709
3128
9141
3995
8493
7628
9869
134
634
9620
9784
8596
2348
6016
1486
8345
6754
4652
7583
2413
5662
4687
8756
3410
2586
8310
7713
3523
3243
4550
2378
4496
2941
7000
7231
5395
3677
5358
7032
9402
5120
2420
4435
7212
5777
8491
7443
3422
7364
8353
2117
8933
4181
1407
7619
9561
6476
3606
7468
38
167
8654
8949
4955
1832
6294
3047
7978
1999
5456
6945
4559
6087
1359
5681
719
6098
1704
6802
7050
8949
1339
6065
7027
4692
1147
3947
6973
9628
3470
1473
716
1942
7725
515
5724
1030
7004
8666
8229
5957
5819
5058
2668
5937
9497
8687
7698
7748
8475
3142
5063
4065
9284
7417
7729
8379
4407
9879
4064
5805
5723
7743
6628
2801
1534
7441
6166
2015
8107
6967
6806
2506
1724
467
1154
614
7584
7557
3622
1982
8675
6699
2467
8540
5361
3837
3540
7183
7707
6007
4349
5430
4883
2525
7532
6210
1761
7762
7484
4329
9381
9278
4608
5093
6390
296
4395
2031
7913
1582
2931
7224
9394
2313
473
6286
9972
4482
702
7317
3865
4402
3366
9425
1300
708
6464
25
1923
7960
7193
5089
3345
3280
6018
610
3486
2547
6715
6186
5876
2441
9061
7061
5596
1648
5011
2612
2944
3110
8036
907
7115
6626
3357
5406
5863
1062
6196
5876
2344
1938
306
1603
8371
9650
3917
1696
4480
5782
5974
582
6714
2560
2980
4370
2889
7495
6804
3127
3894
8683
9525
6329
4426
8174
3190
195
9157
392
6923
3241
2349
3725
6417
3243
354
6527
326
7029
9197
1601
2182
6548
5308
5385
5848
5134
8047
3511
8940
8881
2645
800
9702
2996
9004
9905
2490
1297
4581
451
9307
6455
877
3815
4466
2651
3945
655
3784
5323
6188
6959
9208
1263
3659
5426
1389
8572
9936
9939
7073
7507
6418
7353
8624
4460
6392
5944
6898
6006
1946
8173
4642
9966
3428
9299
2146
867
4751
364
576
5928
8869
1503
811
7861
9263
9831
4580
1904
5769
2544
9809
9802
3001
345
7601
2781
4283
5724
8171
9338
8668
4605
1869
5046
9101
5943
9380
248
3082
5511
1016
2649
8741
4370
1972
3134
2297
7775
28
6062
2168
4121
2473
5561
7605
9847
7141
1694
9724
194
7598
2895
8148
6665
1058
1356
8676
6164
6538
2190
1704
8421
8568
5618
2810
1378
4653
2186
8409
4011
7623
8439
4587
8401
8824
7233
8671
6030
3190
1834
3897
3872
3689
4590
239
7765
7865
5578
6470
5930
2384
7765
8033
3026
4626
1002
2158
5434
1479
1128
6479
6547
3122
9718
5928
1139
4952
2218
1239
7168
1880
981
8732
581
6629
927
3925
6331
6005
2757
475
1995
1421
5972
9198
5204
6200
9450
7216
9724
4285
7719
7107
5486
8088
6678
9228
9779
5990
4278
2302
4274
2221
6110
733
57
2125
6564
8778
548
453
5917
1430
6761
664
1432
8148
8386
1834
6808
9073
700
9982
865
9153
7609
3539
6939
9967
3663
3659
4740
6413
5109
8500
2916
1259
6547
7621
3344
4952
9734
5045
5961
4500
9990
129
1354
4747
3074
8883
469
478
9557
9813
2253
1036
4317
404
6239
5216
3089
6950
9770
3617
4060
2368
7677
9090
5651
5206
2973
247
431
708
4026
1050
5835
3805
124
6928
5306
6912
7990
3457
2175
3829
3775
3461
3935
4227
8434
4689
8029
178
7532
5026
6819
5754
9321
1613
2860
530
4162
7350
7106
8685
8944
3702
3504
9657
8717
4675
6129
3630
7266
8049
236
9350
2603
8599
2228
2533
348
3480
5936
9948
9836
1839
9521
2145
7742
3084
5415
9129
8263
7133
9426
893
4251
8416
6917
3579
1281
9981
604
7251
1280
8230
6683
7665
5924
2020
9675
5177
230
7791
5737
2193
5106
8008
5277
5724
2108
7982
8082
2932
6000
3977
4811
317
3347
904
5497
8846
1715
6410
1165
4091
835
7948
4206
8716
7107
426
4179
3736
9427
608
8715
3398
5255
3568
383
6810
356
9350
7878
1315
3321
7611
7898
858
9583
4345
9011
5141
3901
9069
8369
9944
8314
9456
1188
9272
3255
5188
2622
3211
1206
6975
4075
8084
6720
7560
3255
3591
5027
8665
367
6683
9127
6332
507
2017
7171
6594
5891
3500
1130
9553
5900
583
1572
4309
1419
9454
3320
9952
7268
5867
9764
7298
2039
6603
932
5680
4193
8608
1571
2276
6991
6656
5956
9985
3938
4933
2384
4077
807
5334
1863
8790
263
4883
1123
6784
2786
5026
2242
5226
3373
3970
312
7348
5526
2322
8680
5462
5991
2154
3744
9254
4300
2158
4097
7290
788
4307
6019
2020
1933
9763
6393
4162
8927
5918
6510
5206
3382
9897
7422
9701
3108
5452
9604
2871
5325
2950
8445
4632
9678
7917
140
7963
905
4104
1292
79
8688
3118
5718
6554
2170
2730
1944
9121
1985
8990
2892
7521
3373
8062
1045
4015
9265
6993
642
2567
9133
1218
642
5330
5049
4155
3936
7408
3476
3860
4274
1073
3902
4969
5566
1737
1563
5419
3621
4235
4238
1608
3560
7152
5001
3008
1133
4019
7220
1542
2208
5745
1889
4297
7304
179
5259
1175
6255
4562
6944
3157
5216
4921
5315
3130
2017
3139
1017
8066
1955
7980
4967
7492
5882
571
67
1987
3324
1660
8352
7593
5634
2599
2901
8521
4376
2074
6880
7949
5559
3350
3153
7090
617
572
1062
6195
7367
2903
9388
2062
7364
7124
3451
2371
9876
5381
9813
5294
5029
8299
9774
4605
6311
3485
7054
8984
8194
3066
9949
5265
2245
6139
5399
4245
4782
7317
9735
7746
5766
3960
4678
1529
7980
131
3476
4869
5142
7579
1522
6882
8025
5941
4574
3064
4036
348
8224
1758
8934
789
6356
1467
390
9751
5832
9188
4117
4249
6787
2345
5247
1087
3242
9137
1000
2564
6364
7784
9197
3963
7101
7356
2439
9310
5443
8566
2164
6139
1854
8072
178
3193
7384
4573
7142
9008
7046
7536
3704
853
9559
341
7852
5825
4872
8836
7680
6323
965
7035
3113
8873
9121
5688
982
129
3489
705
8196
9409
3530
7906
4017
6095
9322
7244
8929
1044
911
8364
5946
4530
6381
1872
6604
1414
7346
7206
354
7707
8485
8450
4396
5875
7008
376
2175
5734
5900
5875
381
7192
4662
8052
4895
8188
5336
6374
827
6603
146
2672
5973
5931
6595
1712
5874
4813
5381
7504
7665
1471
5407
7203
9305
3236
9839
6138
7145
4913
4689
1061
3253
9786
2933
4433
5027
8532
4779
2903
4083
6079
7491
3532
2527
6535
3978
8480
6318
9308
1106
6901
6198
7045
6432
3881
9588
6361
1525
7702
6802
2185
913
4360
7450
3857
2725
581
5087
6899
355
9342
5818
6913
8994
4993
3163
7660
4135
3261
7774
4410
710
5321
7760
8917
5243
6950
3109
1169
4882
7375
5440
7805
757
5478
2368
2513
5884
5612
1324
8507
9662
2943
486
2588
7648
8380
4032
7990
5631
695
2355
4713
8143
889
904
4818
6374
1194
8213
4634
8781
3875
1344
774
5693
5766
8024
7064
8063
4822
3778
3630
6286
2084
1221
7947
6758
6600
9752
6639
2015
815
3202
9335
4004
357
9868
5175
4671
6011
4907
761
3699
8144
7118
7016
9191
6151
1553
6718
5552
1478
2514
8507
3927
2372
6706
4405
6979
6779
7919
246
7054
2607
2324
8408
1175
1654
5105
2608
3279
2837
3817
5894
8089
6505
9801
2412
2718
2462
9231
926
4948
8576
2295
6042
1473
4231
4290
5167
1276
8717
618
328
2563
3847
4754
9420
8619
9693
1003
9403
8911
7969
1789
6862
3912
4992
241
7524
7488
6743
622
6255
7414
160
514
5066
5675
5302
7446
8023
9417
8431
7763
5700
6395
5429
8025
2918
3499
2617
4394
8164
794
4658
5196
9185
6184
1482
2955
7763
7021
7607
4845
206
7286
2450
589
3589
3400
2383
6658
7258
4765
4604
489
8402
5822
6581
4131
6154
3268
1905
1612
6317
9545
5114
9915
6429
9994
786
2353
7066
1013
9392
3830
1172
5035
8152
955
6128
3488
389
4673
5646
7861
1786
7734
6731
4457
3380
6597
4222
1931
9080
9430
1202
6360
6966
503
8041
5743
2724
5337
1307
6088
8971
3899
836
3048
3754
3035
8481
1967
2978
8645
1247
68
624
1045
4453
5327
5610
3660
3361
8635
5478
4504
135
2453
6200
5021
5173
7034
2003
2888
6329
2400
8749
7581
6105
8526
2398
9143
6478
1193
8830
6457
6202
3188
5583
4858
6290
4851
718
4552
9221
5706
7069
1536
9200
5101
8437
9175
2240
6204
620
1751
3438
7312
595
1127
5950
3750
8890
4124
2500
4990
4310
4384
4340
314
2752
4834
6113
2538
3007
1472
1162
6326
9987
8591
7901
1572
8586
1587
6585
4439
8537
8943
640
4716
8833
227
834
2006
3256
4657
4270
264
2163
3769
4200
2842
5237
1666
8534
3784
8662
5131
7522
3800
5894
6638
72
601
7948
3374
7741
7680
906
2928
2222
7883
7675
4311
5211
3123
3465
2871
6708
4964
8901
3160
6644
7198
9033
6671
334
9515
1814
4163
4849
3619
8787
1389
3771
2157
6654
5288
6467
2702
8646
1826
7220
9589
5768
743
5568
911
3457
412
3381
69
9536
5329
8631
6523
7893
9358
500
6284
1490
90
2558
1016
6131
1467
4768
6666
3264
6557
6945
2576
1835
1553
7927
6215
3260
8570
2312
2407
8325
7614
5816
6215
7464
5841
3140
1318
6140
75
8255
8250
5025
6097
149
9065
8241
8724
9675
5703
8688
8186
9719
3252
9910
3270
9887
6838
6347
8699
2117
6201
9366
9373
8416
2294
9376
1231
5059
5992
5343
8355
6482
4634
2808
8078
8893
7347
6803
9964
3980
4138
6263
5535
1867
8232
4413
1011
1110
8360
1906
4432
2891
4474
7411
7709
9003
3873
6052
347
5522
9743
7179
2097
8830
3299
247
5463
2763
7651
8593
8963
6539
8236
3457
407
8557
6586
7202
4769
1303
6729
2022
4959
589
6772
369
7241
9650
5051
131
537
8393
1321
1525
8472
6855
8441
9469
2100
5899
1803
1891
553
3354
589
9053
6529
2184
8010
6531
3602
968
1325
6607
1981
3180
1623
1824
4764
430
3223
1090
816
6286
891
7642
4115
1287
3096
5498
3778
5677
1950
4977
1495
9509
7340
8838
1580
4738
7797
9972
3235
2226
6319
4064
796
1192
4394
911
1457
1294
962
3225
1757
9122
2632
5778
2599
3838
344
4643
2448
2105
4354
7913
3393
8935
5531
9268
6097
7610
6137
3449
1157
7550
8546
4507
7109
3635
9715
9967
1091
5681
5281
5267
4646
9062
2064
9230
6756
4335
5145
3891
9252
8129
1967
6323
654
5303
8278
9902
8675
2215
1381
7422
30
1313
1413
8240
703
8017
4861
5993
7271
5141
9325
6845
4031
9398
1318
2476
6313
9492
4876
1942
1383
7419
9129
4146
4271
3910
3361
3783
6801
2087
7083
7709
4718
7626
8775
9999
4956
1996
464
1963
6433
8994
936
6345
7453
9659
1122
6470
8791
3757
1220
4776
4520
7223
8886
4406
2533
6550
9215
3372
8420
391
9407
2702
4007
2530
5201
937
8338
6880
7535
8991
7665
9012
5815
18
7265
5608
9810
4761
9589
6297
2593
374
6349
761
4996
7096
6540
3450
8113
8472
7210
7239
9641
7420
4182
1893
5312
856
5828
8449
5644
487
8598
3122
9783
5950
7112
1233
757
3587
3126
8014
1317
6355
6452
8172
9617
594
6580
7387
2493
8769
1285
1461
632
3788
4783
504
1954
7022
6394
8497
620
9814
3421
2706
2935
3463
1876
3252
5870
3603
5056
1171
6370
7989
3708
9174
5221
3328
4061
4080
7588
2695
8804
8736
7541
860
3315
9757
6355
1884
1228
3784
3590
1754
1678
3154
3891
8221
5527
9041
3826
5607
947
5966
3615
9834
4450
3737
7126
8913
3972
3639
6301
2562
1085
3719
8005
8651
3419
8035
5170
8239
1186
9406
2349
7317
5401
8130
5302
5502
3086
5253
8307
67
9746
5191
5426
403
5745
3157
2113
3995
2160
4422
678
5183
3034
5015
8363
2657
7783
6558
7156
3888
8277
4878
1689
3180
6122
8926
8672
8085
3779
3535
1373
9491
5137
8839
6599
2643
2637
702
9342
1493
1991
9610
8003
9966
3285
8376
6978
7070
4089
3416
1553
4691
904
9936
4912
114
4504
2770
6823
9267
6901
9103
5427
8728
8391
8895
8206
6609
6069
5537
9487
4111
7119
671
9040
5577
9630
3584
6552
9170
5183
9545
9660
8209
831
845
4768
9257
6080
177
342
6770
9394
7875
363
2842
3343
3226
2285
4547
825
7856
5431
2351
5028
8080
5660
2452
8792
7190
6641
581
1304
8252
2654
7759
8636
3666
5789
235
2112
2835
6456
2441
6474
3949
8087
5928
6394
7720
5764
8965
6502
6227
9955
7588
9070
7354
3584
7653
3589
6314
4218
2737
8920
5561
8388
5938
415
821
6574
1092
6434
2838
483
8562
2202
4803
6454
4583
5275
7615
8449
4593
6187
7751
7538
661
4699
6870
325
4388
1522
2591
6979
3936
5575
7974
9610
866
9485
8962
8740
7
3244
3221
1656
1774
6867
6697
6915
1551
6962
2266
6171
7664
3952
5456
2373
5971
1778
2583
3677
2394
7850
618
7483
2357
3777
4443
5642
8079
2324
2686
6839
5592
4352
4019
3894
8495
8156
7925
5539
5919
4990
5435
7690
679
5785
3951
5761
592
5082
8458
6400
4065
5257
7817
476
7469
4526
7227
1043
8866
9736
4655
2990
8589
6973
6733
5185
7155
5213
8902
6242
6891
7482
3252
970
9209
253
8437
7811
4001
6566
2458
7238
4281
1470
1832
802
1304
1466
872
7912
5356
7937
7193
2931
9390
5840
301
6072
4155
7451
3775
3603
4849
624
6764
4825
2523
9760
8600
2092
5081
2659
995
7853
5974
7659
9856
7013
6235
3166
7395
9565
5525
9454
790
2966
6261
2624
4717
4123
2602
8107
7687
246
3631
7281
1833
5498
1620
6778
850
7757
7853
9090
6607
6077
9861
5756
8228
9239
6101
6798
2695
2323
1853
6400
6802
3276
3221
7768
6521
5321
2395
4001
1714
3376
2391
9161
5267
4912
9118
989
259
3303
7756
8614
7493
8780
3847
9910
5351
8930
8305
963
345
9655
548
8550
1892
8194
1857
9866
5645
8171
9752
1397
4338
4488
643
4253
8259
7057
5416
928
3883
9414
9281
7217
8777
911
2321
4407
2500
394
2192
7844
1569
2203
2369
1713
7850
3049
9732
998
6458
3467
1533
6987
9200
4387
2285
4603
8603
1279
4490
1543
9044
8355
5744
8830
4196
6530
9597
1872
3817
4555
3283
5289
2454
5699
1341
8321
442
3015
4403
1578
4250
1332
554
2809
7595
9079
4657
3484
4493
6226
2833
5756
2125
2706
8901
2799
6557
2167
4450
1770
5382
1821
8414
8349
5732
5293
3528
3395
3785
5219
3733
952
8935
8175
6626
2536
4433
6036
856
920
16
2579
9690
9587
5459
4760
6249
7169
2800
5969
7760
373
5795
1817
7555
1034
4323
6409
9575
6825
6238
1891
9962
7581
6822
6031
448
483
4407
6061
3941
3419
8166
7521
5957
8958
4240
3719
4939
6764
8103
2897
7449
7872
155
2430
2890
2662
6194
5524
8828
3909
3497
1739
1229
8325
4894
468
5934
3656
4408
9391
8158
4572
1375
7797
4450
1364
2190
6453
7928
9380
5912
5399
2413
5827
1542
3982
4702
4512
6988
9414
5180
2043
4653
916
8645
7945
4920
2159
388
24
3315
721
366
2046
5470
8882
4209
1540
3432
8684
5731
2406
6433
545
3298
2890
2990
9253
8164
5420
8062
4662
6783
4350
9399
6052
5051
7624
6737
5088
4788
1554
9644
9990
6282
5328
5684
5233
4278
2804
7119
9338
4308
4866
6184
24
6790
4886
7627
3498
4521
4933
1092
4411
7791
3985
9362
9152
1826
6018
4244
4691
491
6252
4462
6234
331
4492
620
2933
8782
4883
7734
3937
8279
4170
8215
4552
7365
8587
4999
6383
7609
3454
1153
8311
5034
5388
6203
108
4290
2285
9788
8957
6500
4684
8912
9846
7103
28
651
4198
5693
8263
6193
2967
7070
4745
535
3317
3776
3437
2010
9236
4724
8
224
7964
8235
424
2291
2982
1595
4904
9090
992
9361
3071
1639
9480
5070
5410
5038
946
2467
5506
1355
2676
9606
5156
9991
2154
127
4808
3825
3995
9030
6756
7621
1593
846
8937
163
2301
9373
8020
8115
5211
2772
9626
3579
3606
8493
5980
8197
162
4861
3115
6297
8439
281
6033
7415
4667
6363
7474
4537
1810
9541
9374
5007
2385
2212
2174
1121
3031
4894
9927
296
3894
213
1816
1089
6513
4163
5694
6119
3207
9814
1681
3908
3076
856
4911
1826
5132
2340
7441
9838
6274
3043
8340
2193
1873
9602
7030
7464
6513
240
7564
5140
2811
5715
4106
3391
4345
9264
6021
3842
59
277
2556
8605
4317
3812
3530
3379
2508
42
6965
1563
2685
3162
2704
7920
8762
2411
3509
7938
1938
8039
9293
5973
2293
5001
8897
199
7663
4732
406
205
1733
948
9462
9596
9821
5347
5616
1278
628
9295
3439
6549
7064
9515
9058
9340
3506
6144
9353
6618
7609
9493
206
793
1740
8299
1222
1289
2516
9838
9712
9839
4082
1181
552
1782
886
8326
5685
2656
8150
6952
7664
2639
9557
1047
392
5487
7800
5399
7204
1984
5032
1399
1380
4269
5745
8388
5163
9756
7166
8971
4017
3019
8633
7115
8262
9279
6777
113
2038
8013
7426
2603
2151
3934
4308
4925
7033
7743
1376
8927
3896
5299
6003
3094
2710
6375
9798
198
2215
4405
8920
3893
988
315
9549
2258
2112
5866
9508
1966
6129
5659
7227
9166
9985
302
5255
8043
1130
5772
2219
6636
7121
7908
8812
9982
9030
125
8197
7280
6880
1145
3703
2829
8007
518
4362
5797
4477
5707
1865
1622
36
7895
127
7190
1268
5375
9465
4470
2699
5294
7360
806
62
2312
3948
5479
7961
984
9497
5134
7013
7009
3495
2183
8211
3081
7801
1717
8303
6935
418
5492
7034
1623
2993
5239
6609
102
8239
5617
4053
416
4779
3294
2043
1213
1601
2921
1127
7548
4211
7357
171
2087
9057
2479
2410
6661
9463
9356
1681
1547
4891
2735
7735
2511
4426
5177
4829
366
920
6480
6694
1888
2725
7269
3611
2680
2507
3255
1073
6373
8695
8941
7781
503
6864
8554
8432
5001
5051
3416
7725
6823
395
3492
9507
8754
1662
6125
7629
1006
2186
6705
8431
5180
6877
5680
6606
2510
188
71
5466
9395
1878
6086
4076
2976
8182
2851
9816
7191
2209
6855
1053
9990
9680
1017
7130
3619
9647
5669
6424
8757
7093
1187
2775
8201
3372
869
8027
8854
790
2057
4157
3121
8950
340
2147
3860
5886
7521
9549
2625
8107
6446
8579
6221
5294
7145
7709
6287
5971
8141
766
5684
8456
1116
5095
7173
9413
9396
606
9293
62
3430
5992
8913
5788
5979
9694
85
5826
2937
527
4325
9832
6572
5980
3781
891
5975
593
2348
2605
7335
501
7828
7557
7992
6586
3981
4821
1136
3465
2529
7263
4205
4553
2708
745
8469
4674
4367
1341
3042
5230
1549
1561
7608
4384
1199
6530
5326
5743
5521
56
4034
7558
3374
9531
1693
7720
3859
6761
4749
4962
3146
6538
1230
3430
7260
5978
3444
9582
7955
4209
5204
9088
8251
8998
9932
3844
2035
3820
3161
767
2398
164
944
8288
5779
3280
5857
9998
6074
5299
5526
7370
5304
7644
4557
7249
324
1475
7148
8096
6675
3495
227
4807
9158
4771
527
2550
7900
4270
6017
4312
5219
6692
7656
2704
1079
8512
7310
1762
7445
7423
3514
811
8388
8737
2334
4545
6820
7425
7133
8000
501
1330
226
8367
3049
2882
1971
8025
9345
9067
1788
9343
348
3629
5780
7947
9235
5789
57
4295
6299
5197
6030
2288
5748
4226
9785
402
538
9990
8226
6999
7043
5080
5691
164
2205
784
3188
7378
942
5181
3696
7286
613
8244
6450
9372
3162
1098
6568
3062
969
7791
5885
4989
3923
1568
8012
5489
2134
3560
6947
5458
8328
5337
3671
8218
3465
8729
1891
1672
4501
7033
1319
7033
2655
3121
8071
7518
2273
4947
8942
5652
1111
984
1033
6656
3353
1486
1625
8325
2596
6243
4069
3837
2345
1672
891
9878
5655
3062
6094
2860
9713
1285
5470
6086
3186
1497
6763
6039
5066
8216
9266
5191
6394
4411
9669
8511
4238
6609
7600
669
7950
3904
5514
3180
5238
7095
8630
4178
3030
1107
2211
1710
2858
6684
7235
5241
5580
9312
4126
6865
6493
1216
9826
5808
6267
8228
7415
2408
6725
6093
4628
2108
7533
3279
6112
9285
2414
4672
8631
625
9549
6409
2425
9110
8368
8604
9218
6094
2500
9276
2197
9382
4163
4830
4279
4079
9720
5821
6638
4585
4384
9152
3729
8323
2759
5116
3567
7306
517
8655
7267
948
2496
9342
972
3364
5871
5938
4060
8737
3612
8168
3744
629
869
5312
3104
5638
1224
4959
9690
2512
6772
4638
5724
7754
4905
935
6827
5338
6833
5649
3178
7170
7178
6207
4203
9336
482
4470
8772
5431
224
222
2245
3189
1103
8471
1930
2093
3820
3071
4781
1440
6566
6607
6254
9091
5053
2605
8109
354
6101
1401
2291
4332
8524
3547
8240
224
4717
8372
6591
1950
7698
6158
1729
3277
9824
647
2200
3846
7685
9633
6191
2147
7968
8704
7027
9332
3145
5737
6217
7259
8121
880
4583
4587
6144
1693
9907
537
3565
641
4557
235
6419
3889
2647
2036
689
3476
1501
7697
6606
7263
86
7091
208
6718
6629
3391
3899
4126
8026
5137
1649
9493
5882
3971
522
7450
9990
204
7362
4408
5449
3432
1284
9291
9546
619
9188
8529
432
7612
4573
6387
9977
6226
6375
4062
2374
2923
8131
9893
4281
7684
5368
751
4182
2453
4267
1839
5414
6541
4178
3184
849
5715
2687
5606
6559
3569
5237
3731
4299
7916
4803
1916
5152
9730
3109
9173
7878
6911
6827
5548
7733
1179
5441
8607
8229
7809
1608
4895
1080
3124
8493
1588
6672
440
5827
1631
5153
8079
8047
8447
1879
2694
8451
6664
3000
6603
2854
5231
9553
8890
1620
4335
7988
4892
9365
4518
62
3247
664
1922
8911
9750
8428
3859
7513
8389
5736
363
3011
7358
2164
478
7394
6324
9583
6445
5266
6196
4935
5616
7165
2752
4517
2910
4106
6729
5883
6107
8390
7983
3583
6284
8728
3451
3858
2981
8242
298
6704
9326
5662
8741
4089
9422
5235
4743
3574
2014
4842
4391
9738
4507
8058
5602
7074
4111
1294
2533
3280
8660
7392
9391
3361
3349
7314
8787
3196
9341
7130
4452
3411
967
6840
5884
9518
6420
2107
7484
5657
6733
9326
2362
935
5622
5814
8839
3814
108
6683
8081
1301
4908
6725
1315
5822
3905
3662
1278
917
1309
1453
4844
2106
7373
8179
3222
7348
206
6823
6949
7117
2672
7305
1452
7513
3245
5710
9814
9893
3427
3586
453
3839
310
8441
8333
661
1684
3580
3364
3830
1867
8450
724
2296
9203
7118
9451
4450
3881
3922
9584
362
4773
9472
6634
1675
6432
2439
3738
232
6719
9422
9622
9949
4401
8968
6923
6965
5834
557
3545
1603
4453
460
4397
1779
7854
209
6375
8234
5524
584
7349
3520
5155
2210
3030
4359
5573
2717
4958
9409
6659
9291
4810
4318
9788
4953
6457
5588
2593
8071
7527
4115
7529
9411
9376
9240
2159
1751
3586
8583
8374
2766
5963
6404
8452
2946
2966
8448
5563
7932
239
5219
8987
3772
5952
7018
5710
5701
2902
4198
2673
8853
5330
4000
394
1570
3905
156
1291
1848
5492
9406
8677
8141
5662
191
4512
7585
5455
6816
6313
1235
6738
170
6620
3690
9893
4011
6182
9110
2437
579
9267
1151
4087
4325
7109
4378
9652
1390
8337
8267
9147
5299
2827
1453
1614
6167
4822
4374
9405
7826
6162
9470
8886
2623
1248
8524
2057
7590
1243
2094
3247
1410
2569
2480
5750
7127
2354
3026
3881
2212
9117
7701
5472
5447
8772
7398
7792
6225
3398
4475
7431
3025
1573
1530
2291
8601
6965
4191
3206
8157
5920
5863
153
7795
5015
4541
4878
9953
9338
7770
8149
3760
222
8335
1674
8939
6249
6393
6404
1370
7310
9513
7059
5032
3449
8105
8659
8462
2990
9317
4485
1504
2893
8088
1559
1570
2590
9437
6083
7404
4162
9536
9109
4389
8647
3535
1877
4771
1496
1654
3608
6813
6919
2888
4407
9554
8330
876
3627
3949
594
1785
8957
5400
4827
4285
4280
5370
2708
5765
8185
7730
4165
686
8661
2001
8781
1707
2045
8314
8351
7528
6333
2380
7821
4381
6027
8102
252
9725
6126
4942
1869
2304
4135
7019
9553
9779
3182
2325
2123
9112
3304
3536
8395
8893
103
9350
7369
4544
7348
4208
4542
9308
9498
5730
3970
319
4432
7476
6882
1299
9147
1781
7365
9274
4757
4082
9777
9223
8232
7500
1356
9915
6672
4870
1719
4519
559
2772
6043
9629
8722
9412
32
6998
4742
590
2297
2743
431
9481
4173
7628
2207
6372
7395
949
4789
5929
6281
3355
3038
7150
5862
3369
2814
6777
5016
3976
3492
5241
5946
4897
7560
2222
1248
8620
7386
7092
3092
3922
2568
5943
7193
3809
3869
9598
182
740
2574
1489
6912
8746
3787
9866
6599
7400
2203
7731
9164
5287
410
727
1231
2861
6927
6388
2971
7331
8917
3543
2934
7513
3013
1030
4642
3185
4428
2201
8748
8182
526
3729
5396
9144
3882
7209
5959
13
6415
1077
8017
6180
1935
973
7829
2700
5478
6547
2453
2547
2154
5134
6144
5999
8574
2554
6634
4472
8038
6903
579
7975
4990
8055
5959
5234
9205
3977
2601
5895
1213
5360
8278
2580
7337
1383
8106
5521
9526
3573
1567
6790
2070
3956
2891
4123
7064
9017
2756
1448
6838
6355
9031
9834
9075
6909
1937
7881
5479
710
4215
7516
823
8871
6985
7810
1955
9730
1068
1796
4421
4355
1921
2033
858
6206
2733
2319
6563
1810
1241
1703
8744
7627
5498
8696
835
6057
5150
9537
4885
1026
7461
7779
274
6166
3353
8268
8008
6349
7427
5687
8449
1434
3163
7887
6470
5718
999
2852
3653
6710
8518
9915
3482
1563
260
2971
5071
829
437
7718
558
1518
745
8357
6459
2018
9477
8304
8967
7461
2026
6366
1835
5604
4796
9321
2595
1379
8699
2298
3788
4304
4339
7447
9122
6770
4628
4925
5780
6907
1117
8147
4668
1175
7229
9490
7549
4281
7784
8531
3304
4223
168
2473
801
3990
7338
3779
3530
5832
5311
28
5431
8864
6440
7874
6661
6805
5972
6081
4981
4915
4830
4089
3635
8319
1164
6101
9894
2909
6504
6741
7655
5253
7858
1309
5201
1243
5080
4068
8907
6181
7166
1663
3140
7050
4740
6228
1565
275
4730
24
447
2619
9000
2575
6688
4632
7143
1041
5408
933
1093
2943
6735
7716
2917
9453
7522
9566
1546
8522
814
3838
8877
3857
957
2943
2695
6744
3320
7328
1127
4864
4687
4188
9142
5907
123
890
5321
98
6116
8211
7236
5777
6078
1324
3775
3510
1865
5977
1063
6344
1232
8673
9119
46
6891
7450
8066
5503
5543
3704
5562
5353
8977
436
7934
2712
6588
1952
488
2066
2576
6169
5339
9458
4434
7026
6068
771
8843
5793
7917
2743
4922
8360
187
536
4128
9750
3675
5029
826
1532
9483
9149
3858
7558
5751
5453
6095
3754
9046
2062
6918
3820
607
2955
689
9268
5078
9403
4826
1638
9465
7449
1340
2417
846
9974
2103
1191
208
2189
6942
6000
8399
1244
7703
3771
7419
4974
7757
3424
3174
6991
6843
1009
7590
5419
3877
1813
4604
7220
5405
2788
3238
1097
270
1342
3105
852
2932
5050
7937
8672
3863
1461
7927
6480
9930
9233
3582
6500
2050
6568
14
242
5449
8052
7274
5756
4546
6734
8574
6283
3143
3145
9777
530
3466
2266
8573
3642
5172
2764
6027
8020
7500
7741
2522
9895
8708
478
7243
4042
8076
1116
528
9275
2725
141
452
8942
646
986
1282
7372
8134
7176
766
9890
8672
7203
7769
7032
5694
1688
2329
4811
4479
2579
2948
9452
3680
9619
7197
768
6171
9957
5232
7779
9897
6209
6376
9451
3646
9900
3293
9178
1765
6162
4017
5254
1744
6959
2848
9136
5727
1885
6701
9197
7590
6887
8455
7719
5253
9209
1926
5153
8518
6578
7527
8434
9285
7653
9437
2517
9717
6085
3504
1543
4490
7010
1851
8253
806
2747
9553
6315
2696
9955
8290
5237
5231
2733
3809
9428
6901
2482
215
512
9076
3392
6826
3957
124
3498
9078
2024
122
1737
119
5487
1463
3934
1127
3317
6962
7614
1521
8715
5198
5382
9709
191
6304
3511
8525
8617
1070
4197
856
292
1200
6071
1182
3508
1874
9616
7127
2093
387
6096
6992
8862
6690
5567
2723
4625
9921
6457
7256
3690
4393
9953
2188
6148
9443
4315
6694
6753
6997
2767
9476
4354
2211
4182
9747
3292
187
1818
9001
1848
2313
8758
950
7884
6030
1922
4843
270
2449
4889
4791
1566
9890
6906
2003
6228
3294
834
6965
182
2168
9652
1094
8709
316
5181
2112
48
5698
5641
3527
9996
3352
8630
7568
2722
722
2141
9233
6075
6786
7045
9973
5906
3720
7127
8296
717
8908
2122
2524
2455
8629
6665
7572
6051
2223
1282
4983
9122
5619
2821
2246
3889
5742
1060
8140
9186
6709
8303
6335
3011
2722
5234
981
445
9777
4258
7008
4884
7567
3405
1245
1707
2843
3809
5094
6504
9849
5716
7471
8100
5879
4842
3338
8943
4883
4308
8811
2623
1924
2136
7787
8891
8093
8084
8625
6214
4817
4428
8031
2168
5208
8366
8772
7143
2765
845
5057
4566
6260
2557
4726
9968
2412
127
9103
8648
6466
5958
3682
8624
6388
882
9528
8055
6385
6324
7173
5301
1381
2247
6383
959
9802
5178
5954
5984
8555
6051
7264
2433
6335
3712
2488
1867
5661
4575
5985
8691
1918
2933
5703
6707
8900
1742
3394
8434
9480
7015
1021
4745
2512
8560
6609
8874
8943
822
3174
7290
6082
6235
5407
3560
7548
9244
6648
2440
5733
1505
1646
1035
1961
3123
4593
3343
610
9519
9785
8965
9776
97
9689
9383
959
4253
3382
7011
5507
1134
7271
4212
1835
6686
8871
1264
3797
8205
6194
8392
7383
377
9802
1379
1946
9892
1264
7544
4379
8003
7327
5880
8442
9033
9018
1226
5848
1314
8697
6649
7972
1807
1913
6186
4583
9825
4862
4718
4256
4382
6937
949
4330
5979
3305
1259
3359
9991
1334
7332
1058
8211
4512
4963
4707
174
8642
455
2636
3836
8543
743
3366
7350
3433
1382
8920
8936
9079
2319
7730
4638
5977
1631
5915
3555
7650
2675
2829
9100
387
6169
1296
9657
328
1617
170
1962
6881
3046
5732
8981
4720
2398
1895
5923
9706
5850
524
7347
5038
4460
2712
9283
3353
6214
3676
7306
2002
7374
9180
9206
7573
4572
8073
6302
8847
332
4052
7144
6194
560
7961
3103
2136
8297
2988
3808
8363
5388
4943
7332
666
509
1632
9091
1347
859
1619
7634
5687
3437
7360
2434
2109
6266
1410
8393
6469
6803
3551
2573
6647
4313
652
9586
5627
338
9945
4766
4627
4309
7223
3590
3989
8007
7872
8606
8648
4071
7166
3905
4118
2901
7494
9478
2961
7658
8171
96
141
5091
4192
7104
9219
1349
3348
6067
6223
4749
946
8233
8748
6094
590
2144
3931
2912
8229
874
273
2254
6096
2150
3214
5737
655
9562
4674
2208
4527
5754
1585
3541
8778
3490
3397
9261
8035
7188
9912
4834
5830
8881
2686
6512
5221
2215
4589
1571
59
7776
364
3523
1898
4281
2522
4173
2213
8369
2591
336
2640
4514
7052
9994
8387
3986
9417
5491
8521
1950
6663
9107
4079
4856
6082
7546
9490
4858
5120
9355
3034
3181
57
1083
5247
4302
2558
7043
7502
3153
8571
1752
1317
7623
5016
8603
6833
5633
4692
8723
2275
8121
2766
907
8225
3929
7264
9861
1177
9811
6560
8188
8720
8876
3972
2340
9819
7963
9684
9664
2809
7153
7583
2388
6784
7812
6838
6113
3609
3246
540
1807
635
6695
2171
4838
2350
850
6168
5109
6755
5415
6398
7734
4574
1347
5070
2246
8593
2957
2221
5722
5759
8590
9449
9145
5310
6528
4975
5524
235
6732
5024
5359
5398
5018
7572
5706
2174
2447
939
121
1467
8482
8299
1117
8076
2395
194
6615
5076
6319
8130
1896
1064
9892
3919
655
4319
5721
997
2859
4812
3191
9824
978
6702
5126
5175
3482
9433
1482
5231
9940
1882
4100
4662
7757
565
9981
6578
250
2384
7170
2994
4123
952
7629
7298
7652
9449
4676
1358
9070
465
8688
9173
9658
7058
6795
5757
2175
7322
9638
6038
6638
9061
9268
8884
7171
356
9009
7568
427
5700
9789
7394
724
5013
9685
560
3577
6989
8892
1176
7402
8964
4665
9431
5330
4520
9832
4010
5982
1065
5861
9220
4964
9515
5454
3265
2292
3109
7388
856
6841
5992
5905
4940
7896
5259
5086
5774
994
3712
9136
8700
1795
3650
7591
9665
764
5758
3031
472
925
8310
2994
8523
5548
5421
8854
3362
8492
9528
2749
4268
2043
4522
9926
5385
441
7189
9023
8685
8331
146
8977
7463
4993
417
5269
7289
2000
3771
5251
4490
42
5262
4035
451
9462
9961
6413
3942
832
6408
5909
6595
2165
6734
4858
1568
2903
5731
2401
1620
5485
3357
6937
6362
105
6329
7910
6820
8189
1407
5165
3367
9147
2237
249
4315
3714
8235
1002
4906
5056
5621
2961
5095
8927
5302
6088
461
3823
8735
71
5768
3323
4255
4186
202
2600
4589
2191
8069
9682
6576
8314
7918
6551
2814
7047
4688
3369
5376
379
223
6926
4226
6425
3814
6146
9503
4272
3983
2447
3160
3422
4953
46
3576
2662
5196
7999
1109
7922
1429
30
6500
9783
6703
7321
8344
8944
5996
4824
8372
1064
9433
1057
8634
9732
5552
4379
7339
5832
5970
9410
5862
4897
611
7691
3549
8541
4815
5727
5537
4127
4620
8495
9687
1521
6104
5757
681
9584
3781
3931
9558
364
2952
6460
7465
8883
6391
7616
5723
2703
2356
8556
1730
7294
1794
3453
3914
7975
5870
6719
9937
4296
3892
364
7727
3968
6086
224
7432
5613
8658
5904
8907
5334
1574
5834
2612
9739
4306
1049
804
7310
2150
6364
1496
3551
3230
5663
7785
1965
5922
7278
2798
9323
3756
1464
2088
8772
8551
8916
8442
251
494
2474
362
4003
5526
439
7681
1660
6743
8519
6756
3987
2770
5630
4733
9122
983
7336
5928
2841
6565
3450
3261
1386
4644
6534
1804
3824
3859
6058
6491
5117
5662
9114
9644
4636
3572
7254
8696
3596
9989
7953
2244
5313
8789
8103
8592
8744
4050
7061
9110
3431
9439
5839
8735
8329
218
8314
7225
4127
8823
169
7181
2128
7909
893
6283
5794
6211
5358
6921
3635
6704
8952
638
4208
7269
1186
1902
3911
7200
8739
9399
9317
5138
8430
5145
3884
3778
6588
9989
8801
3783
319
741
2286
3639
549
3922
8830
8251
7944
7316
9097
7883
2979
1198
9790
4982
8059
4229
763
2749
6269
5266
9183
8707
4299
279
5913
5485
5358
6809
833
8785
2924
4997
519
8744
8984
6665
6511
9358
8474
4502
3922
1494
654
5621
8230
4617
6386
3111
7878
9790
9129
2686
419
545
5672
8124
9920
7674
4010
7620
1670
2528
5739
6923
7788
6183
5011
4117
7266
3081
9129
1168
9524
4886
9219
9668
1445
4406
8277
4844
4069
1199
5442
1087
9763
3511
3040
1359
5601
3141
84
4488
4554
1531
4609
7630
2548
3952
1872
5714
9980
6047
7860
8370
1296
4084
7588
1778
5728
2884
9479
8786
2974
8127
9708
5942
737
6470
1550
5719
9991
7556
7541
7810
8840
7061
8533
4456
2944
7145
8948
4167
6303
2232
1758
709
4879
6927
4102
3538
4564
6505
6236
9502
4520
2627
892
4343
1819
3489
1676
2842
7652
9606
140
721
1841
7559
1645
4157
9132
3528
6730
9776
4669
9076
8476
7414
7851
4039
5436
3051
8634
3667
2705
2512
5957
9955
9967
2928
7366
3150
5052
3526
9001
761
2724
9286
6831
3100
1639
1922
5964
9897
7026
657
6146
8241
8630
4126
6148
2341
9123
7564
7698
8787
606
5492
2824
3299
9284
5178
7871
8764
8351
8546
2528
8954
5146
9035
6860
801
1869
7902
3420
2859
8918
309
7059
8831
2530
8268
885
2653
4992
1464
7413
9282
7073
9532
2978
7026
7783
4987
4363
6163
1084
8084
1156
6410
2894
3319
8140
8712
628
5976
1110
122
9724
1628
1813
5601
6856
9276
7328
276
9116
8494
6937
9774
8382
6808
8510
6257
9926
6809
4474
7132
9583
5682
6454
2071
9760
4638
7844
9064
4801
8967
4546
5235
4367
1496
7566
3034
9394
560
5885
6770
394
5887
5575
7486
8741
482
1653
6273
4608
816
8455
761
1716
9803
185
2870
6095
1282
2199
2539
7237
9233
3043
1048
9775
6233
474
6239
5413
5792
9477
6119
6191
6173
8651
6960
4117
7978
3981
7697
7105
1841
3282
9952
9818
4277
6252
8428
8895
3167
8012
8727
7804
4105
8426
9763
5453
8923
7136
3784
7351
9881
6522
6536
5932
546
7800
9225
1637
4535
4334
9157
7114
4751
1187
9958
8937
9743
514
8099
7532
353
7606
9936
8108
1705
5651
3497
7851
4223
9512
8999
7225
7432
990
5382
1763
4655
3874
5813
7215
7843
3256
7872
2001
9974
9741
8030
9864
5212
5430
2370
779
755
5673
6008
9007
9363
9526
8715
4805
4146
2833
5890
8551
4623
7420
2502
512
1461
4375
7859
8028
3833
7754
7942
3766
2380
348
3451
9874
4789
3234
4267
1698
6810
8345
2582
1659
2760
7802
8549
997
7569
9407
7370
1866
8353
705
3067
9804
5245
7261
9935
207
1407
2777
324
8145
5227
3785
3584
1150
4218
6460
2557
9683
9041
7628
7439
971
7370
5205
2318
7462
7422
2065
6441
4069
7914
5872
6237
8190
4036
5493
1316
2482
8247
8769
4906
6269
666
1315
4260
1295
2396
6105
9471
5936
930
3288
4128
5895
5014
1111
7942
2943
124
8524
6673
8160
189
8246
1025
8183
7892
1910
8260
2186
2756
2829
5323
291
3076
4986
7442
5277
3258
9770
9842
8865
3946
6098
9301
4135
8356
8248
9856
5986
7914
757
4041
9929
1981
7385
7386
4444
6369
4152
9200
1498
5449
3460
1918
4255
6128
1041
5182
5142
7975
5120
319
3128
7319
3972
4264
2312
5563
8839
7996
8370
9541
6171
5490
1110
2613
767
6032
3204
5475
7293
3300
545
2581
9251
5510
8828
7031
8559
8583
7141
7308
2672
9889
3417
7711
7068
9933
5374
2737
2765
228
2423
1129
7764
2783
1490
6860
264
4648
1294
4556
6960
2172
6202
465
8924
9017
1936
3406
478
5159
6884
7465
5131
770
5755
651
5728
2190
134
8995
5941
4726
5230
3318
8048
4061
4586
2763
9911
5290
9276
5076
7166
8966
9693
4417
6896
1233
3812
1260
5327
9822
631
1452
2534
37
4353
761
4109
8218
6106
1194
318
9083
241
2532
4547
4500
7346
3658
2187
9228
8518
1574
8920
6773
1793
480
8786
3606
1113
4493
7254
4551
5609
231
9540
3352
8389
3470
6372
8289
5139
7758
2151
7305
4499
4737
7211
2683
1188
7006
2304
3147
3401
9226
908
3439
429
9303
3603
1791
7806
8667
312
2912
5815
6393
7084
3403
4293
1501
9763
5092
8057
2844
4032
8363
3339
6467
1925
847
3317
866
4011
2422
3275
3950
6488
1009
2215
471
7701
3425
3957
8989
5951
6058
1323
6173
3790
7093
2164
5274
3557
5988
6928
8880
5951
2793
630
4112
5239
8134
3860
3504
7834
8851
4959
3952
582
9315
5963
6387
7260
14
8041
2495
2279
8221
6913
8893
2456
6484
1957
4776
9965
1667
2658
5407
8175
3830
3931
4759
5423
8458
6072
4151
991
8617
6071
7035
674
441
4021
3593
7321
8924
1114
6250
5795
3536
4591
5859
3865
8601
340
1731
8789
2871
9468
522
9791
9650
4406
6673
9318
7486
4883
3381
6300
1116
3480
3902
8398
4730
1307
2934
3936
5776
3866
3092
554
3582
8592
7676
9983
2348
2930
3403
599
1520
8184
2536
6023
6932
8859
7471
4189
9128
3815
7412
1070
7047
9407
9148
3479
6710
7158
5794
3907
4461
1612
5393
3078
3158
9300
8180
195
8892
9374
3539
5967
3260
4038
5859
5366
774
0
7941
1403
1645
1539
4226
7155
6519
1666
4289
2034
9915
9523
4992
7678
4548
7254
854
1282
5275
3097
313
8171
7098
8490
1041
5405
7844
2375
3218
5322
5038
5694
6234
7975
9436
5636
5440
1973
8276
7930
2882
6736
7898
8822
6692
5625
2530
5773
5363
6671
3084
808
6009
4807
4451
7210
1195
3460
5134
7753
4336
8015
3148
1953
9735
3719
1775
2645
7789
5121
6389
4109
7061
6265
1506
5633
7296
5955
1417
5171
2784
4364
7334
4584
1305
9336
9423
1456
969
6628
8536
1681
456
8857
591
7997
5736
8633
7102
3862
1143
725
3152
3010
9498
6695
4605
7850
309
7732
8344
4846
6131
4968
9258
8425
4691
4676
5002
3335
1763
2742
3184
5363
8065
6168
9688
2268
6935
5095
7062
9118
5799
2725
7517
1109
7993
5661
7257
2906
7915
8342
8890
4782
6983
8854
3358
3417
243
2172
9182
770
9841
1887
9106
4369
8248
3735
4115
6459
1999
7101
9011
2018
1415
5022
8228
2999
8938
2110
3092
8818
812
5548
4367
3069
4190
382
1563
3636
3945
6748
3546
8413
6151
7599
5039
3925
2948
7865
4008
5183
1864
609
9763
4677
9283
4189
4665
2039
4227
2118
1513
432
3763
4176
8600
7099
1269
438
7502
2065
5829
9528
5254
7430
544
7338
5935
5716
5747
4199
1176
2980
8773
8092
8049
1522
8294
2663
8142
9189
787
196
9663
4433
9448
5193
5349
6674
3743
465
2682
8531
4659
6827
2927
4618
2296
7279
9996
9037
8441
9658
2639
3234
7648
7947
8811
4856
7532
201
6586
2654
3866
7144
6423
5431
875
7710
4592
1515
2407
876
693
6331
651
9369
235
1548
7057
7913
3137
9498
2786
7428
1876
8722
9537
2479
6628
4406
114
2309
3249
582
8738
4752
8684
2467
8927
3459
1261
4682
2359
4295
2703
6035
5587
2172
38
6130
6993
3724
4400
4912
9197
1060
4797
7124
8391
6694
4908
9043
6530
188
3714
6608
8705
5443
2372
3928
2623
1781
9299
5495
6544
3393
3897
717
2655
110
6274
1167
3176
1898
6112
5006
5308
5318
8778
1138
5966
1308
7533
850
6212
6072
8199
8951
6449
499
1079
2483
3210
1346
9001
3574
1298
6839
6448
9043
8720
1278
3318
2038
2088
9886
4909
9513
1161
2549
2769
7927
2198
2491
7387
9123
8044
6799
3786
8906
6799
3949
2836
6856
7814
9818
2099
6076
4711
6479
2097
8463
8765
3036
6049
6426
7564
6773
2547
3261
5887
4583
3252
6807
5329
5422
7892
5111
8917
6419
3673
506
8522
9149
4810
4871
6413
5075
5753
7811
9966
4867
1300
1868
1506
242
4472
3355
9064
980
2950
651
7040
8502
7604
7841
9321
4391
2387
41
1195
5896
2800
676
5015
3530
7405
2190
5178
5639
2455
9916
853
8507
3952
7449
1774
3964
9882
6201
7831
6181
6993
8069
5893
9028
4703
9253
8658
6194
266
6112
654
9839
8603
4783
1171
4905
2357
4895
6411
7001
119
1833
4447
3622
6836
8788
5132
1268
3513
8456
1794
1036
2012
1535
601
669
1412
3275
8650
4753
4581
7435
1002
1823
829
8097
9843
6840
1555
507
5488
2730
8727
6923
2760
2653
7662
9382
1840
3534
3406
6594
8027
213
4563
8775
4928
6773
1005
6166
349
9211
6299
9767
2271
8355
7418
8821
5735
1155
8037
4324
8209
3501
356
5896
2260
2227
394
2804
7256
7674
597
3876
4999
3809
5363
7477
9746
6361
2545
3988
1067
5389
2496
5839
6056
6602
3818
8400
4925
2547
9217
8421
4327
3901
4866
4827
5778
9227
2926
6933
4378
9693
1369
9255
1803
4481
3626
1635
5474
3342
4783
25
2602
8211
6087
7138
79
977
6194
1131
3375
6909
4154
936
6949
5598
5134
540
2491
538
5419
3852
8950
7970
8972
4403
2325
2004
1994
3607
788
6387
6928
7929
9441
2425
1884
7073
4969
5799
275
8273
3247
5313
6406
9845
1137
3493
7473
6632
9287
7958
3392
3239
9150
8274
8923
7323
2972
5013
2013
7847
9541
6601
4889
9797
7974
3247
3879
6687
882
3550
6192
7739
2907
6873
8039
6610
9651
8126
3390
6486
233
5783
8232
603
8830
8042
7594
9983
5594
2416
1276
5891
36
5124
2113
141
6012
5979
9255
298
5030
2925
9285
6315
709
3755
9387
2639
3139
6424
7144
2368
176
5599
1742
6507
3319
8864
6447
8026
3070
8819
3047
8032
8812
8826
571
7581
7921
6985
136
3514
2585
3933
718
3447
9185
1884
467
410
1343
1515
494
8748
2626
8696
7937
3692
8518
3971
8780
9397
1307
2743
341
370
5087
7752
4279
114
5682
3866
3043
5203
5212
5949
485
4551
8048
7141
9041
9641
8769
86
882
7804
7748
6800
5165
772
1229
1032
5221
8399
4485
9076
9600
262
9311
557
4797
9286
291
1331
3438
7993
7467
7074
1337
3911
2105
1487
6514
897
8320
2792
1833
8173
1123
6961
3496
6820
3035
3509
4641
8243
570
6869
5789
4545
5627
906
5177
5919
5640
940
2440
4404
841
2997
5019
5041
3053
9965
1844
9897
2131
2699
323
8764
1302
6442
7850
8366
9529
157
88
2263
6152
1328
4636
9905
1674
5611
5973
4059
485
2168
9483
1064
907
1397
5145
7162
3714
9381
438
2732
6307
5513
6476
2262
1112
8221
4991
1398
2331
555
627
5959
6721
6836
7114
6329
2504
8146
1035
3250
8806
1688
7809
2676
596
6981
8605
5294
2186
5927
669
5669
2874
6132
2977
6079
3131
1082
5903
7057
916
4578
978
2640
1120
9638
5067
6355
8367
6806
9526
6926
6676
573
3909
740
5403
9734
8468
9433
7877
8008
8556
4449
5956
9048
668
8180
5794
2395
4643
9612
2150
6916
8989
2563
993
3299
4869
2244
9971
8055
128
2001
2930
7293
3342
3055
5977
9435
7973
1098
816
5399
8807
4102
6790
6618
6588
5412
9318
2831
924
7766
9619
9350
8314
739
5145
7909
4790
2593
4571
307
8555
4511
406
2285
4322
1303
9594
7979
1446
8957
213
1041
4975
9816
8711
4423
6670
6436
7193
2360
7292
9916
7634
7837
6597
938
54
2870
4478
2447
2234
2804
5062
4227
2867
9479
9089
6927
4947
1538
3461
9226
7576
294
9883
5464
3207
9792
6953
2993
2647
1243
918
2243
5978
384
5832
1638
710
906
9499
3484
598
1587
9910
6279
1935
9298
8722
5678
1552
1543
9460
6314
3472
1261
3059
9209
3788
1736
2065
4279
3548
8774
5646
2637
1422
3268
4384
3235
9527
9037
5566
8958
6859
2250
6534
9767
7552
6423
8171
5323
1220
6326
5942
8120
4064
972
2096
6330
6377
7624
4188
1561
1376
7103
1905
6608
6066
8120
824
5163
1927
8497
7161
6302
4104
3535
393
4289
5610
7381
7142
3713
5438
4831
9272
5916
5606
6580
9902
5669
4904
8076
4217
439
7076
6805
3634
5297
8201
3606
3034
7241
9821
5149
4298
1844
3349
4868
8389
7025
4780
1978
6990
2863
7764
3723
5008
7496
8245
1693
8639
1377
3087
6751
8199
6417
1331
3113
6512
7484
5352
9044
9418
888
7885
7516
1967
7831
5491
8456
8199
1584
155
5025
1255
4724
4389
8254
8920
962
2868
3339
5418
3333
6726
4381
5810
5897
2420
2466
9155
4398
7525
1269
3755
919
7753
8102
856
1044
9892
1141
5369
5873
3554
8160
7506
6285
3012
4647
9604
3015
6720
688
3450
9980
9438
1757
9132
7303
2857
6974
3109
7640
45
1540
391
3621
3811
5222
5754
677
4707
8932
5924
4425
6555
9051
4890
5461
1624
6836
4270
8773
7918
1004
4732
286
418
1596
9469
8182
2251
2700
7732
9714
8814
4949
260
8220
6742
3174
1473
70
5395
9153
1302
8147
5299
9362
8203
6231
2163
7276
8157
7239
3131
6426
5534
3029
7915
1863
5656
5707
9523
5513
6455
7360
6753
5174
3428
9916
2729
9892
819
4182
4698
7451
1878
8500
2160
2474
1389
7976
1276
6005
1039
3087
444
2120
3519
4042
1199
6220
3776
4813
5246
9174
7222
4363
5308
1562
6109
650
3385
4222
9233
9895
6629
3047
9271
8074
4325
2106
4177
633
5525
4829
861
3329
6215
9073
4261
8424
2504
2086
7185
6125
9890
228
5420
1087
2817
4120
1767
203
6044
5476
296
1542
4539
2748
6644
3145
567
8499
6238
3483
8460
5272
4474
3508
833
8715
2612
6710
6967
9217
7473
9681
9669
8057
3447
2175
8070
3618
3765
5398
2448
9168
5480
7124
3518
3531
4747
169
3715
4246
3037
7843
490
4566
9086
6245
5340
2327
8186
3974
7733
8768
4836
9967
2650
193
4427
1546
2517
1011
8185
6917
2029
4899
2956
4438
4057
7112
9999
7711
1546
9135
8060
2971
6380
6391
3324
7107
3915
7224
2030
2705
4201
8973
3977
2217
2377
5392
2771
1688
7339
8809
9817
9855
5791
2693
9168
430
8943
8005
3983
1215
371
2038
3328
1200
2178
4181
9145
6667
6141
5115
4665
1165
6135
9722
9177
4218
258
356
8503
5690
7353
4430
8279
4395
4251
6562
6066
446
1789
3295
9044
4950
2279
4778
7240
8365
1585
2510
3043
4298
440
7955
1915
7153
3185
2310
4116
8920
3927
4175
7253
7218
93
6525
9075
4524
8386
8490
1352
5331
5961
4483
507
4959
9728
2777
6027
5365
4641
6247
2555
3938
6379
5142
2306
9110
9887
555
7222
3684
611
584
1025
9348
7123
546
7951
5075
4680
3101
724
3450
7125
1680
2448
8027
5386
5334
8886
1857
1825
1751
6238
4530
6622
6796
9626
4511
9477
2073
2705
7766
1667
1253
9959
3255
517
4210
4339
8397
7917
2101
6281
6582
6741
2072
2270
9639
8292
9515
2638
1514
3840
229
7307
1904
8299
8841
1797
6386
2960
5482
2473
9946
8026
3831
8760
189
4572
4733
5772
4317
4546
4479
2109
6682
8124
1365
6359
6418
1690
114
9417
7727
9155
8808
5396
1577
3985
6711
7632
9207
4958
6435
3806
2966
6202
9259
601
6856
1273
7548
2861
6810
833
7582
2441
4228
7614
6914
2100
948
2602
328
9331
8242
5829
1528
5122
6988
8900
7142
8121
1699
3230
4339
9798
7226
3193
6476
8351
1443
5346
3153
6
2971
2746
9372
468
5050
8517
7111
8377
3173
5359
9254
3993
2420
6972
6911
386
3819
5435
5666
1043
7053
7755
4325
6178
9161
8780
873
6916
9176
1686
6233
6560
3519
543
3013
1099
6278
715
2881
3898
7717
1274
3317
1384
8351
2826
7101
1945
6860
2537
6451
4081
6540
6937
7502
6541
3401
460
6474
5362
4112
6205
5973
3750
6158
73
5364
493
5336
5779
9091
3463
4849
8545
5721
7857
6050
3643
1838
2787
9130
6694
1966
1746
801
6158
863
4082
2082
6738
921
862
1299
9677
9538
2970
2578
5306
145
5396
7730
9294
4744
9983
3422
2900
4356
2377
228
7158
8926
9454
149
6866
7786
5058
55
9309
8232
1657
5326
2404
5219
660
3204
404
6576
5575
1226
435
6707
9122
9241
1110
1316
9033
4738
5333
7214
5904
5851
6828
3975
101
1111
639
9073
6641
1699
3246
3266
7438
6068
7028
165
4917
2250
7423
5559
4306
4748
4398
1887
9608
9198
2061
2899
4194
5596
9166
5879
2431
6090
5199
5771
5793
174
3533
5963
6028
8020
257
8099
6422
2841
1264
9075
2086
7365
5005
4242
3021
1979
814
4193
8678
6875
4349
8305
8488
8495
2285
8792
5095
7879
6097
1305
8689
6911
8163
6978
9875
8720
2349
794
7932
2075
3449
8139
1242
7284
9817
6722
959
483
3982
5725
5994
7364
509
3883
185
1103
6799
9645
3734
6169
5559
9287
8904
9721
7362
6935
6975
2499
6543
1664
1865
3718
1712
8389
7522
1045
3455
795
7580
1579
5603
7114
2826
850
7677
6413
3849
2999
7176
7722
6967
2079
3417
4496
4344
164
8298
2419
6837
7770
799
8452
3150
2918
8209
7416
3500
7772
3424
1890
3306
1959
772
9270
3590